0.9991682171821594
0.9990901350975037
0.9987726211547852
0.9986274838447571
0.9981812834739685
0.9979825019836426
0.9978040456771851
0.997385561466217
0.9968046545982361
0.9960907697677612
0.995251476764679
0.9925712943077087
0.9893746376037598
0.9827129244804382
0.9696696996688843
0.9461411833763123
0.8919431567192078
0.8214057683944702
0.7092538475990295
0.609186589717865
0.6185775995254517
0.5272923111915588
0.45126983523368835
0.4094250798225403
0.3827499449253082
0.3613499104976654
0.40797433257102966
0.3743935227394104
0.34837549924850464
0.3231559097766876
0.30620047450065613
0.3147291839122772
0.30601730942726135
0.3838464617729187
0.36521559953689575
0.3172980844974518
0.2875092923641205
0.31930920481681824
0.3221704959869385
0.31873008608818054
0.26211413741111755
0.3217986524105072
0.2979273200035095
0.24976904690265656
0.28196004033088684
0.2745935022830963
0.25486016273498535
0.2867518961429596
0.28869369626045227
0.259709894657135
0.2678111791610718
0.222643181681633
0.3003370463848114
0.2740868628025055
0.23152269423007965
0.25492265820503235
0.2597362995147705
0.24188224971294403
0.2571520209312439
0.2528517246246338
0.2858354151248932
0.22822274267673492
0.2768203318119049
0.26942044496536255
0.27133500576019287
0.21715238690376282
0.2227879911661148
0.25883862376213074
0.2403920441865921
0.23573817312717438
0.20109902322292328
0.20562873780727386
0.21749594807624817
0.23102284967899323
0.23189017176628113
0.2934857904911041
0.25860360264778137
0.24930492043495178
0.2250087559223175
0.25420525670051575
0.25380566716194153
0.22407005727291107
0.22974909842014313
0.22181306779384613
0.24078406393527985
0.23072116076946259
0.21487607061862946
0.20178869366645813
0.21454547345638275
0.22088304162025452
0.23138868808746338
0.20959612727165222
0.21375694870948792
0.19264689087867737
0.24617837369441986
0.24133293330669403
0.253930926322937
0.21964195370674133
0.2028065025806427
0.20108556747436523
0.20571334660053253
0.2296050637960434
0.19853468239307404
0.1952706128358841
0.225433811545372
0.2154914140701294
0.20750033855438232
0.19767867028713226
0.2112656831741333
0.19844672083854675
0.19608323276042938
0.22165122628211975
0.20238885283470154
0.24668417870998383
0.19429118931293488
0.1960977166891098
0.1757539063692093
0.1914082020521164
0.19149936735630035
0.20396555960178375
0.18597222864627838
0.21531417965888977
0.17945793271064758
0.19897691905498505
0.22081732749938965
0.19198618829250336
0.20461885631084442
0.18687717616558075
0.22815561294555664
0.18926508724689484
0.39508694410324097
0.29670625925064087
0.3214779794216156
0.27619919180870056
0.27649229764938354
0.27281424403190613
0.2442309558391571
0.21503956615924835
0.25436994433403015
0.21180543303489685
0.18396295607089996
0.23206926882266998
0.2269677370786667
0.2163652628660202
0.19824859499931335
0.27066248655319214
0.20761556923389435
0.18845650553703308
0.19956108927726746
0.19460196793079376
0.21519286930561066
0.19618567824363708
0.20862244069576263
0.1843978613615036
0.18718889355659485
0.1992187649011612
0.19152940809726715
0.18888042867183685
0.18982620537281036
0.18832074105739594
0.16934199631214142
0.1851636916399002
0.17901018261909485
0.1889181286096573
0.18633246421813965
0.1855212301015854
0.17232166230678558
0.1749608814716339
0.22097139060497284
0.17950068414211273
0.196686789393425
0.19166748225688934
0.18067124485969543
0.19228336215019226
0.17198792099952698
0.17231331765651703
0.1821652203798294
0.1777496039867401
0.16869091987609863
0.17992091178894043
0.17750100791454315
0.1680418998003006
0.2024858146905899
0.18688218295574188
0.1898706704378128
0.20967663824558258
0.18109038472175598
0.18868501484394073
0.17511071264743805
0.20115497708320618
0.1875344067811966
0.19380974769592285
0.20745205879211426
0.18203353881835938
0.1894865334033966
0.1882134974002838
0.16254164278507233
0.18852435052394867
0.18775509297847748
0.22365744411945343
0.19730183482170105
0.18878470361232758
0.16813434660434723
0.16451479494571686
0.17572344839572906
0.17981989681720734
0.18105752766132355
0.19636087119579315
0.16972874104976654
0.16393855214118958
0.17025785148143768
0.16488759219646454
0.1656820923089981
0.16545522212982178
0.16885611414909363
0.17741930484771729
0.17309297621250153
0.18217258155345917
0.17532958090305328
0.17346368730068207
0.17166121304035187
0.17545470595359802
0.17800630629062653
0.19355632364749908
0.19974635541439056
0.18438830971717834
0.17647920548915863
0.16368035972118378
0.207853764295578
0.18535210192203522
0.1764526665210724
0.2124362736940384
0.17399747669696808
0.17233674228191376
0.183670774102211
0.170395165681839
0.17361269891262054
0.1764785349369049
0.17219629883766174
0.1966860294342041
0.16023313999176025
0.17606592178344727
0.16756868362426758
0.1759357452392578
0.16624481976032257
0.1632731705904007
0.17961959540843964
0.17405080795288086
0.17305754125118256
0.16915519535541534
0.15212643146514893
0.16910849511623383
0.15622687339782715
0.16509811580181122
0.16766735911369324
0.16463616490364075
0.15242744982242584
0.15717601776123047
0.1597532331943512
0.15654857456684113
0.16258157789707184
0.17214663326740265
0.16406022012233734
0.17616374790668488
0.2052924782037735
0.18142083287239075
0.17129836976528168
0.16828465461730957
0.1856592744588852
0.17072708904743195
0.1949443519115448
0.17621752619743347
0.15544568002223969
0.16618813574314117
0.16620178520679474
0.16694308817386627
0.15578337013721466
0.20671235024929047
0.2035701721906662
0.20363375544548035
0.18661926686763763
0.19247840344905853
0.1958167850971222
0.1715507060289383
0.1738036423921585
0.19312360882759094
0.17722006142139435
0.16901621222496033
0.1537516862154007
0.16971595585346222
0.1602475941181183
0.15926815569400787
0.16304947435855865
0.16727055609226227
0.1616876870393753
0.1584831327199936
0.17431767284870148
0.17191147804260254
0.15865659713745117
0.15290196239948273
0.16393005847930908
0.1612178385257721
0.15745821595191956
0.15100976824760437
0.15517544746398926
0.1818532794713974
0.1781972348690033
0.187847301363945
0.17418821156024933
0.18496812880039215
0.17316614091396332
0.15864454209804535
0.1550220251083374
0.1733168363571167
0.16647247970104218
0.16640499234199524
0.18384088575839996
0.19187545776367188
0.1885872185230255
0.16382089257240295
0.16563580930233002
0.16871067881584167
0.16859261691570282
0.16232670843601227
0.16879211366176605
0.16397778689861298
0.1580086648464203
0.19961735606193542
0.16316752135753632
0.15084664523601532
0.15263581275939941
0.16185016930103302
0.15818378329277039
0.16243533790111542
0.15460769832134247
0.1695418357849121
0.1767672747373581
0.1485566347837448
0.181478351354599
0.18909010291099548
0.15752622485160828
0.1776411235332489
0.1651379019021988
0.1659146547317505
0.18123377859592438
0.19787512719631195
0.15840065479278564
0.14488080143928528
0.16121938824653625
0.1462506353855133
0.15372434258460999
0.15773582458496094
0.1510075330734253
0.16453242301940918
0.15882229804992676
0.1562940627336502
0.1603696048259735
0.16460248827934265
0.14764679968357086
0.16713695228099823
0.1543034017086029
0.16383865475654602
0.1571262925863266
0.16523340344429016
0.14714381098747253
0.15242229402065277
0.15959347784519196
0.16572758555412292
0.16005751490592957
0.15385496616363525
0.15571556985378265
0.15516240894794464
0.14981265366077423
0.15633046627044678
0.14314766228199005
0.14846059679985046
0.14765894412994385
0.15071435272693634
0.1408900022506714
0.14076338708400726
0.14428237080574036
0.15962311625480652
0.14604662358760834
0.15191398561000824
0.1726299375295639
0.15573647618293762
0.14951102435588837
0.14489778876304626
0.15013155341148376
0.144483283162117
0.15837420523166656
0.14404521882534027
0.14757588505744934
0.14376722276210785
0.140385702252388
0.14648635685443878
0.143901988863945
0.14223149418830872
0.15649056434631348
0.14325688779354095
0.13828618824481964
0.14035750925540924
0.1386960744857788
0.14528442919254303
0.15422368049621582
0.14596223831176758
0.13796183466911316
0.15094897150993347
0.14857903122901917
0.13724203407764435
0.15267495810985565
0.16378478705883026
0.14796604216098785
0.16394522786140442
0.14691320061683655
0.15538327395915985
0.20664151012897491
0.19119001924991608
0.1652732938528061
0.20065800845623016
0.15500186383724213
0.16190198063850403
0.1556461602449417
0.15232913196086884
0.15466003119945526
0.15707121789455414
0.14779122173786163
0.15441997349262238
0.14856122434139252
0.1474691480398178
0.16249193251132965
0.14992132782936096
0.15701259672641754
0.16136863827705383
0.15829136967658997
0.14461861550807953
0.15907743573188782
0.14147745072841644
0.15548571944236755
0.17454759776592255
0.14274844527244568
0.15096771717071533
0.148203507065773
0.14965417981147766
0.14549024403095245
0.1457488238811493
0.13921675086021423
0.13420221209526062
0.13579820096492767
0.14565794169902802
0.1475752592086792
0.13346533477306366
0.1620461642742157
0.14712786674499512
0.13613201677799225
0.14503325521945953
0.14311766624450684
0.15461444854736328
0.13970795273780823
0.15727941691875458
0.16694375872612
0.1466900259256363
0.1398322433233261
0.13488765060901642
0.1429976373910904
0.1309557408094406
0.1335047334432602
0.13294588029384613
0.14049804210662842
0.1414698362350464
0.13908787071704865
0.1558467298746109
0.14148786664009094
0.1345716267824173
0.1423361599445343
0.16860024631023407
0.13903844356536865
0.15384313464164734
0.1389220654964447
0.13755805790424347
0.13416048884391785
0.1328529268503189
0.14328154921531677
0.14303556084632874
0.14927701652050018
0.12613649666309357
0.1348155289888382
0.14076454937458038
0.1407356560230255
0.15141768753528595
0.14392174780368805
0.14043444395065308
0.12891416251659393
0.15054181218147278
0.15149368345737457
0.13012710213661194
0.1487625539302826
0.14482247829437256
0.1440158188343048
0.13427653908729553
0.1399165391921997
0.13978655636310577
0.13678328692913055
0.13932958245277405
0.13812610507011414
0.13556943833827972
0.12464884668588638
0.13523666560649872
0.13640762865543365
0.15173181891441345
0.12761607766151428
0.13369311392307281
0.1573338359594345
0.14969699084758759
0.16180311143398285
0.14778806269168854
0.1327534168958664
0.1452263742685318
0.13732343912124634
0.13668540120124817
0.15194201469421387
0.17331983149051666
0.15356792509555817
0.13958367705345154
0.14102119207382202
0.14370664954185486
0.14319314062595367
0.13766412436962128
0.13563205301761627
0.1409795731306076
0.13527533411979675
0.15426628291606903
0.12960104644298553
0.13085828721523285
0.14941228926181793
0.13398896157741547
0.14711548388004303
0.15139736235141754
0.1376139372587204
0.13846145570278168
0.13925603032112122
0.13963951170444489
0.12737517058849335
0.13280794024467468
0.12390325963497162
0.13201174139976501
0.13274531066417694
0.13259097933769226
0.1310209482908249
0.13069963455200195
0.12972292304039001
0.13102364540100098
0.1261800080537796
0.13731195032596588
0.13275451958179474
0.13167674839496613
0.13317973911762238
0.1351141631603241
0.13332830369472504
0.1392103135585785
0.13019604980945587
0.12801291048526764
0.12421051412820816
0.13739390671253204
0.12764868140220642
0.14679110050201416
0.1271197646856308
0.13704325258731842
0.13838139176368713
0.13453806936740875
0.14889712631702423
0.14832963049411774
0.12561754882335663
0.13372525572776794
0.12425995618104935
0.13114742934703827
0.1336885690689087
0.13414108753204346
0.13776946067810059
0.12545637786388397
0.12716516852378845
0.12460984289646149
0.12665234506130219
0.12309245765209198
0.13605378568172455
0.1856508105993271
0.14187471568584442
0.13424593210220337
0.13019658625125885
0.14005355536937714
0.14014090597629547
0.1339702308177948
0.14076876640319824
0.12565414607524872
0.14234806597232819
0.13307105004787445
0.12728624045848846
0.14939849078655243
0.12534943222999573
0.15949149429798126
0.12773235142230988
0.12165866792201996
0.12415917962789536
0.13347271084785461
0.12761454284191132
0.14193880558013916
0.1472938060760498
0.14045897126197815
0.13203832507133484
0.12940509617328644
0.134160116314888
0.12836270034313202
0.1254129707813263
0.13205589354038239
0.12692679464817047
0.13499100506305695
0.1339672952890396
0.1306232064962387
0.13887052237987518
0.12452353537082672
0.12251361459493637
0.12782195210456848
0.12178586423397064
0.12414995580911636
0.12446660548448563
0.12218181788921356
0.11737050116062164
0.11952882260084152
0.12939216196537018
0.12065083533525467
0.1289980262517929
0.11815359443426132
0.12774313986301422
0.12732036411762238
0.13618388772010803
0.11794376373291016
0.12791430950164795
0.12560461461544037
0.1280020773410797
0.12088627368211746
0.12324456870555878
0.11885906755924225
0.1224728599190712
0.12000351399183273
0.12631241977214813
0.1354912519454956
0.12097908556461334
0.12792079150676727
0.12053783237934113
0.1237012967467308
0.12366335839033127
0.12547452747821808
0.1231425330042839
0.11985403299331665
0.12163741141557693
0.12766675651073456
0.12765967845916748
0.12577028572559357
0.13169148564338684
0.12268167734146118
0.13175305724143982
0.1236223503947258
0.12764300405979156
0.12159662693738937
0.12927286326885223
0.11727657169103622
0.12343589216470718
0.12156062573194504
0.13307659327983856
0.1168644055724144
0.1219136193394661
0.13050641119480133
0.13195279240608215
0.13315239548683167
0.12536223232746124
0.12597152590751648
0.1135624498128891
0.12006179988384247
0.12369555979967117
0.12389659881591797
0.1284618377685547
0.1201433315873146
0.1324470341205597
0.12309731543064117
0.11757198721170425
0.12338545173406601
0.12221471220254898
0.12159894406795502
0.1177917867898941
0.1224842220544815
0.12060108035802841
0.11656806617975235
0.12042991071939468
0.11772521585226059
0.1207733228802681
0.11884146183729172
0.11708385497331619
0.11869186908006668
0.11826276779174805
0.11593055725097656
0.11490818113088608
0.11485469341278076
0.12090594321489334
0.12101372331380844
0.11656389385461807
0.12063749879598618
0.11820755898952484
0.12203188985586166
0.11979006230831146
0.12474711984395981
0.12458398193120956
0.12646105885505676
0.1202986016869545
0.11631892621517181
0.11621785163879395
0.11414112150669098
0.11506104469299316
0.1152116134762764
0.11369320005178452
0.115192711353302
0.11672897636890411
0.12057975679636002
0.12072738260030746
0.11619330942630768
0.11695610731840134
0.11678092926740646
0.12183964252471924
0.11353763192892075
0.12156134843826294
0.11536388844251633
0.11653696000576019
0.1195303425192833
0.1231711283326149
0.11939705908298492
0.13645294308662415
0.11829157173633575
0.11197720468044281
0.11341355741024017
0.1128217801451683
0.11677616089582443
0.12331120669841766
0.11337610334157944
0.1086244210600853
0.11138347536325455
0.11525730043649673
0.12171143293380737
0.11588462442159653
0.1191297248005867
0.11617796868085861
0.11226930469274521
0.11337564885616302
0.11491436511278152
0.12231411784887314
0.11937028914690018
0.1215696707367897
0.11583161354064941
0.12212871015071869
0.12862811982631683
0.12184182554483414
0.11486554145812988
0.11335930973291397
0.11862815916538239
0.11007232964038849
0.1422344595193863
0.11839429289102554
0.11619026958942413
0.10819261521100998
0.11012749373912811
0.1102769747376442
0.1078220084309578
0.11607175320386887
0.11560292541980743
0.12198828160762787
0.11342985183000565
0.11217714846134186
0.11180584877729416
0.11799503117799759
0.11371831595897675
0.10989485681056976
0.11016277223825455
0.1205805167555809
0.11963921040296555
0.11765845865011215
0.135467991232872
0.12103313952684402
0.11294599622488022
0.11173995584249496
0.12654148042201996
0.10921402275562286
0.1247933879494667
0.11925207078456879
0.11194295436143875
0.11555624008178711
0.11068707704544067
0.10979257524013519
0.11449038237333298
0.11185052245855331
0.10961304605007172
0.11325650662183762
0.11135926097631454
0.11557426303625107
0.1148311048746109
0.11526995152235031
0.10688740015029907
0.10763810575008392
0.10692507773637772
0.10806728899478912
0.11789018660783768
0.1201992779970169
0.11023198068141937
0.11130203306674957
0.10928801447153091
0.1178760677576065
0.11443811655044556
0.12137190252542496
0.1169920340180397
0.10883993655443192
0.11705131828784943
0.10909794270992279
0.11419384926557541
0.1207018569111824
0.1113085150718689
0.1187627762556076
0.11251919716596603
0.11261117458343506
0.1206197589635849
0.11634184420108795
0.11844350397586823
0.11103136092424393
0.10099387168884277
0.11133009940385818
0.10578107833862305
0.11329931020736694
0.1085992082953453
0.11353715509176254
0.1080896332859993
0.11906807869672775
0.11093518882989883
0.10978967696428299
0.10720952600240707
0.11003297567367554
0.11445806920528412
0.11539287120103836
0.11084399372339249
0.11245302110910416
0.11696231365203857
0.1133723184466362
0.11954726278781891
0.11121486127376556
0.11187565326690674
0.10655411332845688
0.11345304548740387
0.10666243731975555
0.10824227333068848
0.11042498052120209
0.11416799575090408
0.11096242815256119
0.11045200377702713
0.1095094159245491
0.11377998441457748
0.11763779073953629
0.1164095550775528
0.12351033836603165
0.11281973868608475
0.10529965162277222
0.10924685001373291
0.11227478086948395
0.10741535574197769
0.11734383553266525
0.12153802812099457
0.11400074511766434
0.10869356244802475
0.10616444051265717
0.1087232157588005
0.114303357899189
0.1075742170214653
0.1098809763789177
0.10914390534162521
0.10669604688882828
0.11172505468130112
0.11164958029985428
0.11834902316331863
0.11022771894931793
0.11106371879577637
0.10931675136089325
0.11521460115909576
0.11130987107753754
0.11099965125322342
0.11222665756940842
0.10664932429790497
0.11261988431215286
0.10970241576433182
0.11323041468858719
0.1076512485742569
0.10895521193742752
0.10719750076532364
0.11485373973846436
0.10937953740358353
0.11336750537157059
0.10679925978183746
0.10771693289279938
0.1146714836359024
0.1126646175980568
0.10923563688993454
0.11275119334459305
0.11313201487064362
0.11216969043016434
0.10698743909597397
0.10400724411010742
0.11121819913387299
0.11304017156362534
0.11055825650691986
0.10903618484735489
0.11490736901760101
0.10911928117275238
0.1119253858923912
0.1080101802945137
0.10929684340953827
0.10787667334079742
0.10864333063364029
0.10786278545856476
0.10514722764492035
0.1169375404715538
0.10938405245542526
0.11045227199792862
0.11772149056196213
0.10908699780702591
0.10627186298370361
0.11268898099660873
0.10969454795122147
0.10749783366918564
0.11226924508810043
0.11365384608507156
0.11104115098714828
0.10644768178462982
0.10982118546962738
0.12606236338615417
0.10696370154619217
0.10896234214305878
0.1044052243232727
0.10526005923748016
0.10327155143022537
0.11030431091785431
0.10723759233951569
0.11103524267673492
0.11708402633666992
0.11002310365438461
0.1133132353425026
0.10393408685922623
0.11473893374204636
0.11221905797719955
0.105121910572052
0.10269001871347427
0.10911542922258377
0.1060299351811409
0.1053798720240593
0.1040581464767456
0.10744760930538177
0.10731125622987747
0.11039278656244278
0.10912857949733734
0.12866199016571045
0.11215037107467651
0.10917258262634277
0.10765945166349411
0.11508767306804657
0.1063394695520401
0.10969888418912888
0.10781481117010117
0.1074344739317894
0.10929223150014877
0.10485104471445084
0.10808353871107101
0.10513787716627121
0.1092686802148819
0.10806488990783691
0.10803715884685516
0.11139388382434845
0.10607490688562393
0.10755989700555801
0.106585793197155
0.11799915134906769
0.10967152565717697
0.10729479044675827
0.10730373114347458
0.10735602676868439
0.1071503758430481
0.10726022720336914
0.10704374313354492
0.11845432966947556
0.11056376993656158
0.10983964055776596
0.11150603741407394
0.10834331065416336
0.10981260240077972
0.10229641944169998
0.11504646390676498
0.11749275773763657
0.10899724066257477
0.10972569137811661
