0.9993796348571777
0.9989596605300903
0.998184859752655
0.9964660406112671
0.9885702133178711
0.9424567818641663
0.8059688210487366
0.7420514225959778
0.6926746368408203
0.663491427898407
0.9978272318840027
0.9975057244300842
0.9976771473884583
0.9978911280632019
0.9980173707008362
0.9979215264320374
0.9980835318565369
0.9924386143684387
0.99796062707901
0.9972711801528931
0.998100221157074
0.9978819489479065
0.9766634702682495
0.9490299224853516
0.7795409560203552
0.683857262134552
0.6858028769493103
0.5606914162635803
0.5635076761245728
0.5091181397438049
0.48700377345085144
0.5625125765800476
0.5023545026779175
0.5079761743545532
0.46161556243896484
0.43942078948020935
0.4532487690448761
0.43649595975875854
0.48473238945007324
0.4431162476539612
0.41835689544677734
0.40563154220581055
0.4241170287132263
0.47023773193359375
0.4345467984676361
0.37720465660095215
0.4446188509464264
0.3960875868797302
0.34127599000930786
0.403293639421463
0.4348437786102295
0.44223088026046753
0.39350631833076477
0.4135507643222809
0.3901992440223694
0.3771319091320038
0.3989693224430084
0.37350207567214966
0.4041248857975006
0.3528617322444916
0.37333232164382935
0.3766637146472931
0.3726562559604645
0.4654073715209961
0.3497907221317291
0.3987581431865692
0.3554821014404297
0.35788729786872864
0.3231527507305145
0.34018296003341675
0.35832247138023376
0.29689499735832214
0.32087498903274536
0.33012762665748596
0.3390445411205292
0.3207879066467285
0.3588525950908661
0.3734586834907532
0.35807064175605774
0.34206005930900574
0.3506506383419037
0.3813841938972473
0.3553140461444855
0.3823741376399994
0.33424562215805054
0.3702201247215271
0.292526513338089
0.3102235496044159
0.31358641386032104
0.37431272864341736
0.3658972382545471
0.40920019149780273
0.32383936643600464
0.3205782473087311
0.29192402958869934
0.3194460868835449
0.324236124753952
0.29886990785598755
0.3126048445701599
0.3200368583202362
0.32362285256385803
0.28738170862197876
0.35362550616264343
0.2805413603782654
0.31688007712364197
0.30770787596702576
0.2896345555782318
0.3037833869457245
0.2916039824485779
0.2977394759654999
0.27567818760871887
0.28281065821647644
0.3013669550418854
0.269839346408844
0.3136853873729706
0.28690290451049805
0.2585022747516632
0.2540341019630432
0.35113760828971863
0.2749156951904297
0.2761356830596924
0.29341596364974976
0.3426213264465332
0.29406049847602844
0.33729928731918335
0.28314176201820374
0.29911527037620544
0.2805687189102173
0.2497413456439972
0.27046898007392883
0.2859288156032562
0.3256031572818756
0.3050127327442169
0.3173940181732178
0.2740168273448944
0.30452612042427063
0.24592848122119904
0.2667014002799988
0.26386356353759766
0.2289048433303833
0.27640265226364136
0.28603118658065796
0.2420903444290161
0.24993650615215302
0.3278276324272156
0.24583111703395844
0.3161347508430481
0.29727593064308167
0.3035094439983368
0.2842211127281189
0.2963411211967468
0.2928732931613922
0.3273080289363861
0.2734972834587097
0.2628927528858185
0.2640778720378876
0.24835620820522308
0.261548787355423
0.24682043492794037
0.2887553870677948
0.2570890188217163
0.2777729630470276
0.2928221523761749
0.24080324172973633
0.2594180703163147
0.241524338722229
0.21018581092357635
0.23753078281879425
0.22389912605285645
0.22890885174274445
0.24077709019184113
0.26743364334106445
0.28886088728904724
0.2521052658557892
0.36537042260169983
0.269288033246994
0.23189601302146912
0.2585112452507019
0.27858948707580566
0.22648338973522186
0.24814604222774506
0.24062547087669373
0.3238299787044525
0.23604926466941833
0.23143373429775238
0.2349693328142166
0.32459166646003723
0.2950364053249359
0.2859649658203125
0.24929390847682953
0.22502872347831726
0.2179679572582245
0.21059547364711761
0.22825205326080322
0.20436689257621765
0.22126252949237823
0.22455596923828125
0.2277836948633194
0.20276792347431183
0.1919582039117813
0.19831207394599915
0.19848977029323578
0.19769255816936493
0.20109236240386963
0.2048378884792328
0.19354912638664246
0.2073632925748825
0.19895263016223907
0.23899979889392853
0.25261616706848145
0.23345638811588287
0.23209558427333832
0.20761682093143463
0.19023577868938446
0.20814427733421326
0.20765669643878937
0.2495056837797165
0.21858355402946472
0.20391440391540527
0.20072831213474274
0.2033713012933731
0.19563671946525574
0.24882234632968903
0.2341155707836151
0.20665153861045837
0.2211681753396988
0.209933802485466
0.23214136064052582
0.18757209181785583
0.26088187098503113
0.2088746279478073
0.2032182514667511
0.204420804977417
0.20351958274841309
0.1815917044878006
0.19716832041740417
0.20036034286022186
0.19382035732269287
0.19351114332675934
0.2024792581796646
0.19735117256641388
0.20998883247375488
0.1955467015504837
0.19029687345027924
0.19234219193458557
0.16896867752075195
0.17401646077632904
0.18015135824680328
0.19550539553165436
0.1915610134601593
0.18836642801761627
0.20732000470161438
0.21764053404331207
0.24706442654132843
0.2082996368408203
0.18407218158245087
0.20537762343883514
0.20627692341804504
0.18682941794395447
0.1892976462841034
0.19727692008018494
0.19480682909488678
0.17303310334682465
0.1784530133008957
0.20808717608451843
0.19706933200359344
0.18986822664737701
0.18750102818012238
0.1939695179462433
0.17665496468544006
0.1824144423007965
0.18624970316886902
0.1900494247674942
0.1838991940021515
0.18765704333782196
0.18105542659759521
0.18469074368476868
0.19165553152561188
0.19313551485538483
0.202738419175148
0.21320652961730957
0.1823236048221588
0.2080019861459732
0.20083534717559814
0.1873544305562973
0.1738598346710205
0.22025299072265625
0.17206060886383057
0.1883208453655243
0.1688021868467331
0.17410361766815186
0.1694192886352539
0.16956615447998047
0.17043669521808624
0.18403086066246033
0.17429916560649872
0.18468144536018372
0.18936802446842194
0.1666627824306488
0.1759541928768158
0.17855927348136902
0.18280243873596191
0.17205846309661865
0.1830114871263504
0.17064939439296722
0.16495561599731445
0.1702711433172226
0.164552703499794
0.17140579223632812
0.1754053384065628
0.16935597360134125
0.15952883660793304
0.17266742885112762
0.16619610786437988
0.17496897280216217
0.16262416541576385
0.17852990329265594
0.16972817480564117
0.16943790018558502
0.1606726348400116
0.17306283116340637
0.1663227528333664
0.16477277874946594
0.17337116599082947
0.1647552251815796
0.16440176963806152
0.20152759552001953
0.1549282819032669
0.1706453263759613
0.15263058245182037
0.17290696501731873
0.15586252510547638
0.1646767109632492
0.18628554046154022
0.1833808273077011
0.19372566044330597
0.2006237655878067
0.19605351984500885
0.18737803399562836
0.21662139892578125
0.18449248373508453
0.19483253359794617
0.1729172021150589
0.16386616230010986
0.18466676771640778
0.1598924845457077
0.18265973031520844
0.16496126353740692
0.18036676943302155
0.16086924076080322
0.16432833671569824
0.17157980799674988
0.1606881469488144
0.1716202050447464
0.15479789674282074
0.1681860238313675
0.16150666773319244
0.16566810011863708
0.19051337242126465
0.17104299366474152
0.18276500701904297
0.1791892945766449
0.16573086380958557
0.16012178361415863
0.17334188520908356
0.1675715297460556
0.16024978458881378
0.17702536284923553
0.16391298174858093
0.16159360110759735
0.17076446115970612
0.175156369805336
0.16610892117023468
0.17415697872638702
0.1628843992948532
0.1715019941329956
0.15333977341651917
0.16275981068611145
0.14704468846321106
0.16420677304267883
0.14701510965824127
0.16391190886497498
0.15897832810878754
0.1601310521364212
0.16556937992572784
0.1586315631866455
0.14474381506443024
0.15260973572731018
0.1475677192211151
0.16559664905071259
0.14799848198890686
0.15132130682468414
0.1582011878490448
0.1693795919418335
0.16542530059814453
0.17017503082752228
0.1558394581079483
0.14549005031585693
0.1503194123506546
0.14644542336463928
0.14818470180034637
0.14930202066898346
0.16539891064167023
0.1603434830904007
0.15264500677585602
0.15316367149353027
0.14897097647190094
0.15668632090091705
0.15857791900634766
0.1520254760980606
0.14077523350715637
0.14776989817619324
0.16867634654045105
0.15462447702884674
0.15179310739040375
0.15604297816753387
0.14631828665733337
0.14751090109348297
0.1450124830007553
0.15552406013011932
0.14489507675170898
0.15711157023906708
0.14918991923332214
0.14862415194511414
0.1512511521577835
0.15003784000873566
0.14829111099243164
0.14770327508449554
0.15073244273662567
0.1477895826101303
0.1565495878458023
0.16375483572483063
0.14665427803993225
0.1469820737838745
0.14259950816631317
0.15060369670391083
0.15179546177387238
0.15389123558998108
0.14352761209011078
0.15754114091396332
0.14544643461704254
0.14800894260406494
0.14971676468849182
0.14374247193336487
0.14753149449825287
0.15544123947620392
0.1452534943819046
0.1534995585680008
0.15275846421718597
0.14641156792640686
0.14620386064052582
0.1472267061471939
0.15423668920993805
0.14097623527050018
0.1491617113351822
0.143258199095726
0.14709697663784027
0.14177516102790833
0.1455242931842804
0.14909712970256805
0.1503758579492569
0.1393459439277649
0.14635547995567322
0.14994093775749207
0.15113778412342072
0.14802776277065277
0.14517010748386383
0.1426704078912735
0.14963538944721222
0.1535080522298813
0.15086157619953156
0.15668892860412598
0.1416783630847931
0.15271863341331482
0.14460954070091248
0.1426168978214264
0.15051229298114777
0.14197596907615662
0.14586997032165527
0.14010384678840637
0.13802605867385864
0.14213703572750092
0.15138046443462372
0.14024464786052704
0.14708171784877777
0.14123092591762543
0.1342783123254776
0.14415612816810608
0.14093981683254242
0.14805476367473602
0.14839136600494385
0.14169682562351227
0.14562661945819855
0.145999938249588
0.1500132828950882
0.13997551798820496
0.14468152821063995
0.13934746384620667
0.1459001749753952
0.1429714411497116
