0.9997766613960266
0.9984545111656189
0.9969857931137085
0.9950588345527649
0.9932761788368225
0.9912994503974915
0.9887860417366028
0.9854651093482971
0.9823780059814453
0.9733802080154419
0.9505403637886047
0.9072758555412292
0.831673264503479
0.7436957359313965
0.5883073806762695
0.5303508043289185
0.4740775227546692
0.4252926707267761
0.38603997230529785
0.38375142216682434
0.41319766640663147
0.4027412533760071
0.37791353464126587
0.3881252110004425
0.3416054844856262
0.2984572947025299
0.3307971954345703
0.2875978946685791
0.2899290919303894
0.29778391122817993
0.31352898478507996
0.33270004391670227
0.3167075216770172
0.31129902601242065
0.3367721140384674
0.23888133466243744
0.33935120701789856
0.2821369171142578
0.24435774981975555
0.2725135385990143
0.2750403881072998
0.27545365691185
0.28010913729667664
0.26686373353004456
0.2986023426055908
0.30829933285713196
0.262591153383255
0.24610982835292816
0.2710423767566681
0.2722702920436859
0.2756838798522949
0.31163403391838074
0.24365146458148956
0.27369993925094604
0.23926547169685364
0.238059401512146
0.2178601324558258
0.22784774005413055
0.23722374439239502
0.22841700911521912
0.20528481900691986
0.21651005744934082
0.21358433365821838
0.25207239389419556
0.26636630296707153
0.24049735069274902
0.2125440090894699
0.20494158565998077
0.21032676100730896
0.24758781492710114
0.23896098136901855
0.22467537224292755
0.21168215572834015
0.22715184092521667
0.4262547791004181
0.31079307198524475
0.253201425075531
0.23400725424289703
0.25425973534584045
0.2634482681751251
0.31823110580444336
0.2902202308177948
0.2612259089946747
0.216559037566185
0.2273613065481186
0.2134115993976593
0.22208592295646667
0.21764394640922546
0.1902320384979248
0.2132519632577896
0.22149206697940826
0.21746233105659485
0.24640560150146484
0.22179177403450012
0.21052297949790955
0.2379598319530487
0.22795860469341278
0.22440142929553986
0.2374865561723709
0.21904590725898743
0.28311118483543396
0.22493696212768555
0.20978644490242004
0.21466432511806488
0.20727159082889557
0.22004921734333038
0.2175852507352829
0.19836750626564026
0.18272307515144348
0.18294073641300201
0.19325102865695953
0.20043614506721497
0.1857682168483734
0.19611656665802002
0.20148229598999023
0.20405754446983337
0.18258865177631378
0.1882096230983734
0.1889074593782425
0.18971650302410126
0.20435266196727753
0.19530415534973145
0.22047924995422363
0.21530522406101227
0.17141392827033997
0.21308287978172302
0.19664670526981354
0.19296219944953918
0.22628816962242126
0.19722461700439453
0.19634409248828888
0.1904699057340622
0.19347341358661652
0.1891700178384781
0.17750804126262665
0.17501844465732574
0.17412742972373962
0.16353623569011688
0.16887076199054718
0.18856707215309143
0.17565111815929413
0.1959163099527359
0.169234961271286
0.19073240458965302
0.27891871333122253
0.19531671702861786
0.21108318865299225
0.1828305721282959
0.20502342283725739
0.1977994292974472
0.19420577585697174
0.1882248967885971
0.1783209592103958
0.17357242107391357
0.1783287227153778
0.17687895894050598
0.17354483902454376
0.17700843513011932
0.18437041342258453
0.16833986341953278
0.16317415237426758
0.1662175953388214
0.15316152572631836
0.1708068996667862
0.16948868334293365
0.16790874302387238
0.15643320977687836
0.1661355197429657
0.16958168148994446
0.16881810128688812
0.15792988240718842
0.17221567034721375
0.16637034714221954
0.1755843460559845
0.16230420768260956
0.17134474217891693
0.18115143477916718
0.18286511301994324
0.16845442354679108
0.1749095767736435
0.20847776532173157
0.17829784750938416
0.1852611005306244
0.17948825657367706
0.22698535025119781
0.20954103767871857
0.20077909529209137
0.16648872196674347
0.16429641842842102
0.18280009925365448
0.17707881331443787
0.17961032688617706
0.15712325274944305
0.17954577505588531
0.179971843957901
0.17720718681812286
0.18770575523376465
0.1622532457113266
0.17238211631774902
0.161860391497612
0.16059570014476776
0.16091950237751007
0.16233788430690765
0.15764553844928741
0.16453638672828674
0.16133369505405426
0.1724061667919159
0.1620650291442871
0.157272070646286
0.15527544915676117
0.1650705635547638
0.15562070906162262
0.16283462941646576
0.15906937420368195
0.16372987627983093
0.15361595153808594
0.15940344333648682
0.16191622614860535
0.16311761736869812
0.16270096600055695
0.15264809131622314
0.1694406270980835
0.15014280378818512
0.15193141996860504
0.16167090833187103
0.15022972226142883
0.1966618001461029
0.16976000368595123
0.15628354251384735
0.14964672923088074
0.15125305950641632
0.158229798078537
0.15310873091220856
0.15103690326213837
0.1557893455028534
0.16210471093654633
0.1592319756746292
0.14471247792243958
0.1642487794160843
0.16234414279460907
0.15249599516391754
0.1578492671251297
0.1752786785364151
0.14701196551322937
0.1396438628435135
0.14568176865577698
0.15227855741977692
0.14927460253238678
0.15482936799526215
0.1485002040863037
0.14597809314727783
0.154754638671875
0.13943372666835785
0.1471572071313858
0.14930523931980133
0.1423225700855255
0.14497987926006317
0.1482485681772232
0.1385418325662613
0.16414842009544373
0.1462743729352951
0.14196224510669708
0.14200951159000397
0.1438300609588623
0.14428408443927765
0.14398245513439178
0.14394982159137726
0.15523754060268402
0.1524488925933838
0.14835570752620697
0.14195646345615387
0.14003178477287292
0.14874601364135742
0.15093795955181122
0.15756431221961975
0.14184927940368652
0.15780113637447357
0.1578989177942276
0.13741104304790497
0.153988316655159
0.15353600680828094
0.15097199380397797
0.14978234469890594
0.14507386088371277
0.13595572113990784
0.1449916511774063
0.14782138168811798
0.13631340861320496
0.14055906236171722
0.14436277747154236
0.14410938322544098
0.13670101761817932
0.1395411342382431
0.14238283038139343
0.13389544188976288
0.14171002805233002
0.13800117373466492
0.17372138798236847
0.17380023002624512
0.14208461344242096
0.13681088387966156
0.14945432543754578
0.15256492793560028
0.13632972538471222
0.14204075932502747
0.14609046280384064
0.1564006507396698
0.15206898748874664
0.13899818062782288
0.14029470086097717
0.14344358444213867
0.13601593673229218
0.1359647661447525
0.1392778605222702
0.13758458197116852
0.13051725924015045
0.13398170471191406
0.1343395859003067
0.1399170607328415
0.142710879445076
0.1446799784898758
0.15225672721862793
0.14396658539772034
0.14697827398777008
0.13538959622383118
0.14257650077342987
0.14156097173690796
0.13244818150997162
0.12798133492469788
0.13123609125614166
0.12657895684242249
0.13013306260108948
0.1477895826101303
0.1315094381570816
0.13027767837047577
0.1271374523639679
0.1372162103652954
0.12606863677501678
0.127204030752182
0.1506061553955078
0.12864509224891663
0.1328262984752655
0.1328568309545517
0.1331137716770172
0.14354725182056427
0.13358858227729797
0.12364889681339264
0.13453304767608643
0.12360228598117828
0.12509740889072418
0.13821104168891907
0.12630748748779297
0.12754905223846436
0.14261507987976074
0.1291934698820114
0.12919965386390686
0.14014077186584473
0.12642832100391388
0.1259089857339859
0.13857324421405792
0.12518449127674103
0.12654903531074524
0.12564197182655334
0.12407869845628738
0.12281974405050278
0.12717357277870178
0.11969689279794693
0.1291821002960205
0.12899236381053925
0.12855766713619232
0.13151797652244568
0.1277068853378296
0.130933940410614
0.1387806236743927
0.12542349100112915
0.12489916384220123
0.12107256799936295
0.12883320450782776
0.1283193975687027
0.1313459724187851
0.13066206872463226
0.13418684899806976
0.12162864208221436
0.11977970600128174
0.1330036222934723
0.12166345864534378
0.12942875921726227
0.12156569957733154
0.12262885272502899
0.12792645394802094
0.12543176114559174
0.12488893419504166
0.11982280761003494
0.11900174617767334
0.1330270618200302
0.129141703248024
0.11627905815839767
0.12017669528722763
0.12535138428211212
0.12341836839914322
0.1287207454442978
0.12121845781803131
0.12140525877475739
0.12214154750108719
0.12939806282520294
0.13307583332061768
0.12413784116506577
0.11644100397825241
0.1355094015598297
0.11426162719726562
0.11448979377746582
0.13205085694789886
0.11913842707872391
0.12003033608198166
0.12291198968887329
0.11644218862056732
0.12488242238759995
0.11449506133794785
0.12414970248937607
0.12309052050113678
0.11781169474124908
0.13667650520801544
0.11962306499481201
0.11788705736398697
0.11866535991430283
0.1213073879480362
0.1221088320016861
0.11890006065368652
0.12168169021606445
0.12326008826494217
0.11731837689876556
0.11412645876407623
0.1188495010137558
0.11145774275064468
0.11824999004602432
0.1167573407292366
0.12273962795734406
0.12323702871799469
0.12462273985147476
0.12480951845645905
0.11728426069021225
0.11511027067899704
0.11720877885818481
0.11657094955444336
0.1258966475725174
0.11742738634347916
0.11858656257390976
0.11828310042619705
0.11999159306287766
0.11972197145223618
0.11423416435718536
0.11887411028146744
0.1326407492160797
0.1198049783706665
0.11887453496456146
0.11815190315246582
0.12227623909711838
0.11528128385543823
0.12497925758361816
0.1130027249455452
0.11819418519735336
0.11011139303445816
0.1226695328950882
0.11531150341033936
0.11825931072235107
0.11313072592020035
0.11878199875354767
0.11526457220315933
0.11116932332515717
0.11017327010631561
0.11395115405321121
0.11917563527822495
0.11509568989276886
0.11509769409894943
0.11542779952287674
0.11904149502515793
0.11921042948961258
0.11706746369600296
0.12651289999485016
0.11582892388105392
0.12656284868717194
0.11254395544528961
0.12197776883840561
0.11088388413190842
0.11712826788425446
0.12021834403276443
0.12000955641269684
0.11627861112356186
0.12911416590213776
0.11433861404657364
0.12491615116596222
0.11670613288879395
0.11276249587535858
0.11770430952310562
0.12113703787326813
0.11989489942789078
0.11991499364376068
0.11723414808511734
0.1239323765039444
0.11803609877824783
