000092
001306
000805
000342
001209
000272
000453
000508
000917
000310
000525
001033
000327
000024
000368
001254
001264
000801
000276
001258
000425
000069
000411
000418
000768
000144
000686
000692
001012
000962
000527
000790
000318
001221
000795
001266
000580
000730
000337
000825
000499
000537
000137
000780
000101
000515
000957
001032
001137
000284
000767
000736
001318
001158
000593
000595
000894
000659
000598
001056
000635
000291
000510
001236
000987
000362
000043
000848
000623
001069
000803
001178
000658
000232
000374
000097
001097
000044
000884
000210
000986
000971
001007
000997
000554
000500
001269
000312
000401
000793
001292
000617
001047
000020
000126
001311
001039
000142
000054
000358
000112
000875
000363
000108
000429
001299
000179
000797
000372
000624
001109
000273
000708
000994
001061
001250
000133
000973
000450
001008
000400
000059
000812
000728
000200
000398
000197
000005
000158
000523
000236
000205
000928
000636
000850
000313
000505
000783
000746
001111
000345
001177
000023
000045
000165
000865
000175
000859
001162
000855
000004
000462
000585
001217
000365
000747
000949
000216
000215
000878
000235
000742
000193
000294
000946
001118
000758
001195
000095
000751
000923
000183
001090
000180
001019
001263
001120
001251
000242
001167
000735
000748
001114
000413
001260
000432
000473
001295
000441
000306
000080
000561
000890
001036
001017
000445
001313
001284
000620
000403
001161
000371
000117
001133
000555
001180
001001
000534
001051
000727
000298
000293
000870
001011
000709
000064
000869
000245
000882
000530
000438
000592
001152
001279
001291
000833
000030
000301
000653
001314
000649
000100
001219
000814
001194
000397
000563
000459
001183
000934
000428
000867
000929
000685
000192
000942
000699
001259
000871
000945
000782
000087
000199
001323
000664
000330
001224
000055
000392
000096
000285
000573
000234
000464
000888
000920
000779
000737
000575
000513
000761
000770
001322
000408
000486
000539
000532
000369
000370
000041
000007
000655
000810
000743
000756
001286
000042
001289
000241
000874
000410
000016
001246
001060
001176
000386
000661
001055
000130
000517
001024
000639
001220
000343
001247
000963
000558
000311
001154
000881
001222
000033
000819
001189
000265
001248
000641
001078
001225
000299
000225
000691
000040
000416
000496
000629
000703
000204
000454
000331
000952
000177
001106
000926
001293
000619
000991
000325
001230
000905
000693
000119
001018
000431
000845
000755
000811
000132
000854
000549
000698
000195
000083
001281
001231
000011
000670
000012
001139
001168
000999
000927
001016
001203
000104
000966
001092
001206
000648
001205
000690
000256
000606
001014
000110
000960
000491
000003
000541
000270
000422
000102
001312
001073
000879
001287
000060
000057
001113
001087
000996
001122
000955
000448
000796
000169
000326
000194
001049
000538
000250
000174
001271
000840
000938
000863
000522
000941
000115
000191
000211
000082
000553
000983
001277
001142
000939
001233
000676
000348
000421
000552
001107
000287
000074
000470
000570
000332
000409
000520
001187
000851
000221
001071
001086
000932
000968
000990
000089
000094
000399
000223
000015
000677
000826
001091
000650
001126
000633
000483
000723
000001
001265
000618
000535
000665
000729
000715
000451
000334
000188
000058
000208
001098
001035
001074
001182
001173
001256
000352
000303
000738
000784
000237
000704
000978
000732
000351
000642
000407
000244
000404
000482
001117
001297
000800
000568
001057
001294
000457
000582
000460
001054
000731
000583
000201
000134
000654
000630
000253
000722
000666
001208
000572
001193
000355
000818
000828
000379
001321
001003
000143
000021
001015
001309
000377
001082
001141
000085
000616
000700
000067
000123
000771
000433
001298
000791
000390
001153
001013
000789
000468
000953
000263
000207
001272
000550
000444
000171
000335
000228
000426
000218
000909
000547
000378
000707
000202
000706
001079
001149
000105
000497
000914
001204
000873
000954
000919
000446
000424
000940
000922
000103
000415
001096
001285
000127
000186
000944
000063
000086
000915
001234
001324
000837
000081
000632
000597
001150
000442
000646
000140
000518
000458
000792
000297
000071
001041
000163
000161
000061
000912
000463
000129
000849
000565
000864
000975
000712
000079
000469
000148
000977
001103
001059
000548
000160
001317
000255
000739
001174
000546
000853
000556
001241
000153
000883
000829
000152
000733
001253
000122
000911
000251
000710
000684
001002
000452
000341
000247
000031
000918
000696
000989
000778
000821
000490
001326
000280
000350
000099
001148
000601
000827
000657
000586
000776
000612
000022
001020
000935
000227
000027
000877
000745
000317
000656
001072
000832
001319
001179
000672
000361
001058
001290
000393
000474
001159
000781
000480
000184
001278
000062
000254
000224
001027
000524
000187
000257
000772
000090
000339
001031
000455
001131
000916
000701
000046
001226
000113
000118
000705
000266
000181
000420
000933
000323
000484
000961
000774
001199
000238
001136
000494
001302
000536
001273
000120
000862
000088
000128
000804
001240
001005
000640
001110
000292
000559
000456
001300
000316
001235
000356
000471
000414
000675
000995
001134
001237
000373
000808
000680
000010
000678
001325
001202
000037
000980
000647
000988
000466
000982
001040
000381
000702
000959
000754
001288
000931
000602
000009
000564
000139
000695
001023
000475
001243
000594
001034
000252
000551
000521
000844
000682
000261
000974
000638
000385
000668
001062
000364
000830
000243
001212
001044
000578
000897
000219
001249
001307
001196
000943
000319
000591
001310
000507
000589
000542
001083
000172
000262
000569
000581
000034
000605
000540
000166
000019
000627
000226
000354
000467
000025
000052
000231
000834
000608
000856
000887
000969
000841
000220
000847
001280
000913
001112
000121
000679
001304
001186
001123
000501
000886
000734
000560
000898
000806
000070
000384
001164
000295
001084
000093
000614
001197
000543
000125
001135
000985
000965
001245
001303
001228
001146
000275
000269
000615
000190
000813
000073
000892
000239
000823
001320
000440
000788
000308
000852
000359
001151
000836
001022
000528
001190
000930
000759
000604
000872
001081
001037
000154
000948
001101
000396
000336
000281
000150
000769
000439
001184
000625
000726
001121
000531
000613
000305
001181
000749
000375
001129
000492
000964
000992
000008
000895
001088
001218
000002
000109
000762
000947
001188
000014
000498
001132
000098
000979
000233
000596
000230
001215
000209
000998
000435
000156
000645
000773
000406
000259
000290
000906
000752
000157
001064
000047
000288
000846
000634
001115
001301
000344
000603
000950
000075
000967
001275
001232
000687
000402
001239
000860
000437
000279
000626
000360
000512
000357
001004
000478
000817
000353
001144
000168
000383
001198
000910
001140
000138
001085
000750
000309
000503
000039
000970
000106
001100
000766
000135
000465
001030
001067
001076
000443
000307
000567
000048
001028
000260
000880
001175
000765
000599
001021
000405
001052
000504
001119
001104
001050
000908
001327
000185
001201
000981
000277
000815
001213
000902
000182
000476
000744
001080
001048
000720
000717
000258
000956
001070
001223
000622
000516
000671
000267
000388
000562
001229
001026
000485
000417
000809
000775
000697
000141
001128
000787
000924
001172
001138
000688
000206
000861
000176
000835
000173
000807
001210
000340
001116
000249
000741
000571
001283
000246
000214
001029
000304
000198
000164
000366
000151
000799
000196
001053
000114
001089
000798
000921
000461
000511
000389
000017