0.9993406534194946
0.9992032051086426
0.9988883137702942
0.9986851811408997
0.998512864112854
0.9984065294265747
0.9981192350387573
0.9979478120803833
0.9975952506065369
0.9969711303710938
0.9957672953605652
0.9937639236450195
0.9902735948562622
0.9843938946723938
0.9744474291801453
0.9536374807357788
0.913485586643219
0.8388280272483826
0.7570021748542786
0.6754074692726135
0.6263070106506348
0.5697084665298462
0.5519344210624695
0.47684040665626526
0.43447384238243103
0.42387673258781433
0.35354211926460266
0.34810972213745117
0.36615943908691406
0.3798437714576721
0.32528257369995117
0.323950856924057
0.3575121760368347
0.3525071442127228
0.32289716601371765
0.31467434763908386
0.2923383414745331
0.31667956709861755
0.27492523193359375
0.27409401535987854
0.25763261318206787
0.2750387191772461
0.2649995982646942
0.28801384568214417
0.27130573987960815
0.2655228078365326
0.25891420245170593
0.26542240381240845
0.2788756489753723
0.2533314526081085
0.2777004539966583
0.27926066517829895
0.24919244647026062
0.26968127489089966
0.2546272873878479
0.258263498544693
0.2495690882205963
0.2632637619972229
0.24775196611881256
0.23006345331668854
0.22820375859737396
0.25639814138412476
0.23296763002872467
0.22160856425762177
0.22378785908222198
0.23181451857089996
0.23574398458003998
0.2201148420572281
0.22276592254638672
0.22537757456302643
0.21600568294525146
0.20999598503112793
0.22382934391498566
0.23090121150016785
0.2181086540222168
0.20870806276798248
0.2194063812494278
0.22238461673259735
0.24484001100063324
0.23817087709903717
0.2164427787065506
0.19058813154697418
0.20647546648979187
0.21612145006656647
0.21038201451301575
0.23469029366970062
0.21074554324150085
0.21567335724830627
0.24509505927562714
0.2098366916179657
0.2023928314447403
0.23431195318698883
0.2117561250925064
0.18935608863830566
0.2093527615070343
0.2082688808441162
0.2191508710384369
0.21082164347171783
0.1972656548023224
0.2052636593580246
0.20812799036502838
0.20511600375175476
0.19447621703147888
0.19574029743671417
0.18550828099250793
0.19967953860759735
0.22284255921840668
0.21986183524131775
0.19988402724266052
0.20878426730632782
0.19221913814544678
0.20325739681720734
0.18487334251403809
0.19841083884239197
0.18756607174873352
0.20754633843898773
0.20017728209495544
0.20194874703884125
0.18512582778930664
0.18265512585639954
0.18547497689723969
0.1755136400461197
0.18137145042419434
0.189676895737648
0.2530917227268219
0.2524442970752716
0.22554853558540344
0.22690773010253906
0.22063776850700378
0.2103015035390854
0.2231985181570053
0.2109142243862152
0.18723727762699127
0.21764184534549713
0.22241678833961487
0.19858495891094208
0.196193665266037
0.20558370649814606
0.21915654838085175
0.17742525041103363
0.19487939774990082
0.19425347447395325
0.2716157138347626
0.2614477574825287
0.22389498353004456
0.25377267599105835
0.20600701868534088
0.20324602723121643
0.18933700025081635
0.20348824560642242
0.1966608464717865
0.18663866817951202
0.19492341578006744
0.18593044579029083
0.18498137593269348
0.20439639687538147
0.18651989102363586
0.17969836294651031
0.19613559544086456
0.19650772213935852
0.20130109786987305
0.1904737949371338
0.1752498298883438
0.18198789656162262
0.17178858816623688
0.20334254205226898
0.17490334808826447
0.1769564151763916
0.20583559572696686
0.17345298826694489
0.1780291497707367
0.16851671040058136
0.19965298473834991
0.18671105802059174
0.18148921430110931
0.18760906159877777
0.1688859760761261
0.17175854742527008
0.19276240468025208
0.17407603561878204
0.22787296772003174
0.21613618731498718
0.23799309134483337
0.1965535432100296
0.2011333853006363
0.1648150384426117
0.18583139777183533
0.17569780349731445
0.19437091052532196
0.17533914744853973
0.17923526465892792
0.17206132411956787
0.19323132932186127
0.18921808898448944
0.19034090638160706
0.23280467092990875
0.19272014498710632
0.19029207527637482
0.1893666535615921
0.18694445490837097
0.1921006739139557
0.1886482536792755
0.19123463332653046
0.1838500201702118
0.17638292908668518
0.17641772329807281
0.18667800724506378
0.15459133684635162
0.1581358164548874
0.15431655943393707
0.16446910798549652
0.16197161376476288
0.16722586750984192
0.16168208420276642
0.17160890996456146
0.1617746502161026
0.15934297442436218
0.1600586324930191
0.17063362896442413
0.17613843083381653
0.16646181046962738
0.17196528613567352
0.1699039191007614
0.17248256504535675
0.16370032727718353
0.16655333340168
0.18238386511802673
0.1711181104183197
0.17848800122737885
0.19079211354255676
0.17477484047412872
0.17239046096801758
0.17582988739013672
0.169112890958786
0.1672753542661667
0.15581272542476654
0.169516921043396
0.1629701852798462
0.15869589149951935
0.15615501999855042
0.1606389582157135
0.15800222754478455
0.16063092648983002
0.1526004523038864
0.16076044738292694
0.15718741714954376
0.17099012434482574
0.15849515795707703
0.16081683337688446
0.16254937648773193
0.15404006838798523
0.15317575633525848
0.15309281647205353
0.165671244263649
0.16150709986686707
0.1587705761194229
0.1875358521938324
0.19388726353645325
0.15411733090877533
0.20515693724155426
0.2043674737215042
0.22477588057518005
0.19089221954345703
0.22728995978832245
0.19160839915275574
0.1746537685394287
0.17068807780742645
0.1613556295633316
0.16542191803455353
0.1865759938955307
0.17393851280212402
0.17433688044548035
0.15945672988891602
0.15812741219997406
0.15714788436889648
0.15377667546272278
0.16334153711795807
0.16033963859081268
0.16459675133228302
0.1514684408903122
0.15724878013134003
0.15321585536003113
0.15224973857402802
0.15593843162059784
0.1584591120481491
0.15740028023719788
0.15832196176052094
0.15849733352661133
0.15515610575675964
0.1564648598432541
0.15379223227500916
0.1513971984386444
0.15113075077533722
0.16069860756397247
0.16350224614143372
0.15775208175182343
0.16558165848255157
0.1592588722705841
0.17156097292900085
0.15972603857517242
0.14941154420375824
0.16053035855293274
0.15519069135189056
0.1476970911026001
0.1643824577331543
0.15891866385936737
0.14947237074375153
0.15050816535949707
0.1661641150712967
0.15768994390964508
0.16030380129814148
0.1525631695985794
0.15777041018009186
0.14397910237312317
0.15049488842487335
0.1685730367898941
0.14602972567081451
0.1478625237941742
0.14568409323692322
0.16038274765014648
0.1703799068927765
0.1539711207151413
0.14739522337913513
0.15419016778469086
0.14752015471458435
0.14764884114265442
0.1434989869594574
0.16947145760059357
0.1451367437839508
0.1377909928560257
0.1446707546710968
0.13797909021377563
0.14355672895908356
0.16044047474861145
0.15105397999286652
0.16071797907352448
0.15818049013614655
0.15020284056663513
0.17596539855003357
0.1945914328098297
0.19420082867145538
0.19314393401145935
0.15434841811656952
0.17592091858386993
0.15411952137947083
0.15517525374889374
0.1501367837190628
0.15653468668460846
0.15456533432006836
0.153882697224617
0.15130288898944855
0.14509038627147675
0.1485084444284439
0.14424215257167816
0.14596450328826904
0.1512792408466339
0.14432117342948914
0.14416272938251495
0.14985360205173492
0.15177904069423676
0.15959665179252625
0.14920710027217865
0.1542208343744278
0.14089305698871613
0.1502734273672104
0.13927365839481354
0.13909567892551422
0.15467150509357452
0.146386981010437
0.14119693636894226
0.14798037707805634
0.1474551409482956
0.1425391584634781
0.14360935986042023
0.15076230466365814
0.14950063824653625
0.14511285722255707
0.1502716839313507
0.14421002566814423
0.13991250097751617
0.1395397037267685
0.1435878425836563
0.14336074888706207
0.15104423463344574
0.1466563642024994
0.14781881868839264
0.14707477390766144
0.13749998807907104
0.13895615935325623
0.14449450373649597
0.13998112082481384
0.14773595333099365
0.15714117884635925
0.1465120166540146
0.1588427573442459
0.15782931447029114
0.14697685837745667
0.1411646455526352
0.15095040202140808
0.14512094855308533
0.15203164517879486
0.14005349576473236
0.15014000236988068
0.14706416428089142
0.16048012673854828
0.15055273473262787
0.14254130423069
0.14281947910785675
0.14678004384040833
0.13586518168449402
0.13871000707149506
0.14481566846370697
0.15172481536865234
0.16373597085475922
0.19511838257312775
0.16470304131507874
0.17191965878009796
0.1562006026506424
0.176701620221138
0.14845500886440277
0.14377227425575256
0.1528194397687912
0.1385800540447235
0.16404154896736145
0.15002833306789398
0.14341755211353302
0.14861012995243073
0.152119979262352
0.14854839444160461
0.14289964735507965
0.14319896697998047
0.1272762566804886
0.1351725310087204
0.14080394804477692
0.13870756328105927
0.14404164254665375
0.13035361468791962
0.14568662643432617
0.12618739902973175
0.14627408981323242
0.1373668611049652
0.14525771141052246
0.1389196366071701
0.14160974323749542
0.13594339787960052
0.1301419734954834
0.1320524364709854
0.14616188406944275
0.1422756463289261
0.13158242404460907
0.15322145819664001
0.14735214412212372
0.1590879261493683
0.15019281208515167
0.13577178120613098
0.13411039113998413
0.13860385119915009
0.13654841482639313
0.14036771655082703
0.14698852598667145
0.13688218593597412
0.15569089353084564
0.14249777793884277
0.14243562519550323
0.14352110028266907
0.1419883519411087
0.1361950784921646
0.13247419893741608
0.13345345854759216
0.14535804092884064
0.14454729855060577
0.13366013765335083
0.13808152079582214
0.1381104737520218
0.13355588912963867
0.1509154587984085
0.12752263247966766
0.13388189673423767
0.139910027384758
0.13469476997852325
0.13820354640483856
0.1336548626422882
0.13137699663639069
0.13425441086292267
0.1252920925617218
0.12530465424060822
0.1319749802350998
0.13387787342071533
0.13877029716968536
0.13445916771888733
0.13586489856243134
0.1312532275915146
0.13550636172294617
0.13447891175746918
0.13232381641864777
0.13551180064678192
0.13908395171165466
0.13887009024620056
0.12141568213701248
0.1292531043291092
0.1438566893339157
0.13201002776622772
0.12830835580825806
0.13126884400844574
0.1279127299785614
0.13056150078773499
0.1230517104268074
0.12834037840366364
0.12699830532073975
0.12135986983776093
0.13060075044631958
0.14824841916561127
0.13771088421344757
0.12517741322517395
0.1390627920627594
0.14736279845237732
0.14569821953773499
0.1486869752407074
0.13832640647888184
0.1345348209142685
0.13159340620040894
0.13646070659160614
0.1263989955186844
0.1287577599287033
0.12821465730667114
0.12554077804088593
0.1324714571237564
0.12707115709781647
0.13006806373596191
0.12867854535579681
0.12585575878620148
0.13685087859630585
0.12658576667308807
0.12340424954891205
0.13130196928977966
0.1312074512243271
0.1313108503818512
0.12999814748764038
0.13248255848884583
0.13098788261413574
0.12860676646232605
0.12145106494426727
0.13264648616313934
0.12590685486793518
0.13313224911689758
0.1316346377134323
0.12559787929058075
0.12996748089790344
0.1446077674627304
0.13134337961673737
0.12501607835292816
0.12546072900295258
0.1326020210981369
0.13845905661582947
0.1278030425310135
0.12374705076217651
0.12937240302562714
0.12839002907276154
0.13482226431369781
0.127017080783844
0.13487763702869415
0.12242462486028671
0.1276949942111969
0.12231520563364029
0.12546837329864502
0.12307190895080566
0.12686611711978912
0.1286243498325348
0.12684595584869385
0.12771451473236084
0.12681695818901062
0.12456356734037399
0.12876026332378387
0.1275016814470291
0.12251482158899307
0.1295700967311859
0.12301909923553467
0.12912294268608093
0.12878163158893585
0.1265110820531845
0.11923849582672119
0.12392957508563995
0.11929241567850113
0.12252777069807053
0.12331169098615646
0.12632949650287628
0.11983181536197662
0.12107210606336594
0.12230628728866577
0.12266410887241364
0.12170781195163727
0.1186663955450058
0.1329013854265213
0.12792250514030457
0.12705282866954803
0.12675945460796356
0.11770453304052353
0.12360714375972748
0.11988427489995956
0.11899083107709885
0.1311146765947342
0.12117026001214981
0.11807756870985031
0.13551174104213715
0.11987731605768204
0.11742235720157623
0.12368959188461304
0.12400899827480316
0.1164492815732956
0.1223001629114151
0.11617816984653473
0.11754132807254791
0.12014006078243256
0.12281476706266403
0.11679637432098389
0.11981547623872757
0.11700987815856934
0.1183505579829216
0.11655481904745102
0.12260507047176361
0.12248259782791138
0.1220068708062172
0.12058191001415253
0.1210511177778244
0.11161547154188156
0.1316571682691574
0.12205088138580322
0.12485357373952866
0.11953876912593842
0.11829854547977448
0.12152519077062607
0.11836755275726318
0.12270558625459671
0.1268332153558731
0.11410091072320938
0.11381524056196213
0.11950255185365677
0.12266657501459122
0.12616457045078278
0.11933454126119614
0.11709998548030853
0.11744491010904312
0.1304340660572052
0.12205909192562103
0.12771038711071014
0.12009159475564957
0.12104476988315582
0.12021169811487198
0.12784838676452637
0.1174175813794136
0.12087653577327728
0.11710269004106522
0.11564826220273972
0.12378910928964615
0.12017888575792313
0.11909975111484528
0.11536838859319687
0.11696737259626389
0.11460544168949127
0.11905879527330399
0.11847592890262604
0.11123089492321014
0.12373585253953934
0.11764632910490036
0.1252916306257248
0.1257275491952896
0.12203734368085861
0.11777573078870773
0.1270778477191925
0.11986083537340164
0.12049519270658493
0.12222344428300858
0.11951927095651627
0.1134963408112526
0.11695395410060883
0.11692478507757187
0.11274699121713638
0.11284913867712021
0.11980514973402023
0.11214917153120041
0.11710979044437408
0.11619357019662857
0.12385178357362747
0.11831874400377274
0.11962497979402542
0.11797487735748291
0.11659348756074905
0.12736402451992035
0.11866573989391327
0.11613894999027252
0.11455123126506805
0.11625827848911285
0.11215867847204208
0.11381401121616364
0.12196771055459976
0.11350616067647934
0.11454463750123978
0.11294369399547577
0.11153118312358856
0.11535721272230148
0.11216498166322708
0.1183457300066948
0.11417115479707718
0.11094150692224503
0.11492235958576202
0.11155156046152115
0.11998635530471802
0.1141805499792099
0.1177988275885582
0.1164800375699997
0.11599961668252945
0.11817244440317154
0.10621567070484161
0.116940937936306
0.1225733757019043
0.11494527012109756
0.11393732577562332
0.11090577393770218
0.11571288853883743
0.11823521554470062
0.11463268846273422
0.1155039519071579
0.12193898856639862
0.11282907426357269
0.11874761432409286
0.11767952144145966
0.10929537564516068
0.11159791052341461
0.1181005984544754
0.11748947948217392
0.14604666829109192
0.10794572532176971
0.1157141923904419
0.11554092913866043
0.11964084953069687
0.11418884992599487
0.10767211019992828
0.11398743093013763
0.11647910624742508
0.10968438535928726
0.10882343351840973
0.11106366664171219
0.11779660731554031
0.11940885335206985
0.12019658833742142
0.11636049300432205
0.11265332996845245
0.10672300308942795
0.1083923727273941
0.11620188504457474
0.1108190193772316
0.11242230981588364
0.10967973619699478
0.11290166527032852
0.1073918268084526
0.12090139836072922
0.10858350992202759
0.11452899128198624
0.11152459681034088
0.11546982824802399
0.11793605238199234
0.11102835088968277
0.10677727311849594
0.12075136601924896
0.10809125006198883
0.11668107658624649
0.11681779474020004
0.10830934345722198
0.1069943755865097
0.11139973253011703
0.10789179056882858
0.10981671512126923
0.11359088867902756
0.11234192550182343
0.10572731494903564
0.1068698912858963
0.11337760835886002
0.11226245015859604
0.10274292528629303
0.10851540416479111
0.11265425384044647
0.10980145633220673
0.11317165195941925
0.10707957297563553
0.10870691388845444
0.10694920271635056
0.1056663990020752
0.11240406334400177
0.1047285795211792
0.10308372229337692
0.10905168205499649
0.11028789728879929
0.10626263916492462
0.10492168366909027
0.11690425127744675
0.10561686754226685
0.10485898703336716
0.1071668267250061
0.11045239120721817
0.10789515823125839
0.10022280365228653
0.10640329867601395
0.10597489029169083
0.10631317645311356
0.10944151878356934
0.10843844711780548
0.1140342503786087
0.10972188413143158
0.10932355374097824
0.10589663684368134
0.10939831286668777
0.11560378968715668
0.11017542332410812
0.11583486944437027
0.106193408370018
0.10847602784633636
0.1053185909986496
0.10452581942081451
0.10314320772886276
0.11075296252965927
0.10091684758663177
0.10604501515626907
0.10975353419780731
0.11290036886930466
0.1049753800034523
0.11194886267185211
0.10997454077005386
0.10762510448694229
0.11068055778741837
0.11321168392896652
0.108775295317173
0.10501816123723984
0.10735933482646942
0.1095966100692749
0.11015596240758896
0.11243023723363876
0.1073276549577713
0.10704006999731064
0.11293495446443558
0.10552112013101578
0.10866152495145798
0.10067285597324371
0.10781574994325638
0.10944961756467819
0.10408955067396164
0.10448412597179413
0.10362648218870163
0.11014524847269058
0.10523843765258789
0.1056695505976677
0.10494355857372284
0.11150231212377548
0.10750368982553482
0.10660149902105331
0.11154760420322418
0.10557999461889267
0.1017911359667778
0.10592502355575562
0.10324779897928238
0.11459729820489883
0.10812584310770035
0.1030544862151146
0.10694117844104767
0.10419797897338867
0.10167761892080307
0.11758671700954437
0.10462582856416702
0.10238184779882431
0.10706664621829987
0.10246071964502335
0.11352533847093582
0.1131986454129219
0.10670699924230576
0.10345025360584259
0.11276005953550339
0.10763330012559891
0.11159161478281021
0.10850991308689117
0.106672503054142
0.10806750506162643
0.10075096040964127
0.10159463435411453
0.11072752624750137
0.11074960231781006
0.10070499032735825
0.10867245495319366
0.10149329155683517
0.09879277646541595
0.10840380191802979
0.10769367963075638
0.10163424909114838
0.10467483848333359
0.10538414865732193
0.10458751767873764
0.10807942599058151
0.10383228957653046
0.10766521841287613
0.10675952583551407
0.10697902739048004
0.10895120352506638
0.104842409491539
0.10521309077739716
0.09918694943189621
0.10853610932826996
0.10607748478651047
0.10161568969488144
0.10923836380243301
0.10520005226135254
0.10488742589950562
0.10638783127069473
0.1108216717839241
0.1079665869474411
0.10518990457057953
0.10557757318019867
0.1043843999505043
0.10884000360965729
0.11572585254907608
0.10680986195802689
0.1099938228726387
0.10710810124874115
0.1040676161646843
0.10263679921627045
0.10921455919742584
0.10002065449953079
0.11534401029348373
0.10489446669816971
0.10271225869655609
0.10521624982357025
0.10772401094436646
0.10749653726816177
0.1065581887960434
0.10235295444726944
0.10606370121240616
0.09985114634037018
0.10456901043653488
0.10529182851314545
0.10429533571004868
0.10459380596876144
0.09853053092956543
0.10078469663858414
0.11092989891767502
0.10160347074270248
0.10632814466953278
0.1147095337510109
0.10357224941253662
0.1063695028424263
0.1021043062210083
0.1131405457854271
0.0994969829916954
0.11018042266368866
0.11319208890199661
0.10325514525175095
0.1029629185795784
0.10240233689546585
0.10034376382827759
0.10559110343456268
0.10868571698665619
0.10268771648406982
0.10685928165912628
0.10064162313938141
0.10183607786893845
0.10870648920536041
0.10318025201559067
0.10092344135046005
0.1067957803606987
0.10285452753305435
0.10064741224050522
0.10281848162412643
0.10260679572820663
0.10587161034345627
0.10081701725721359
0.11147161573171616
0.10526441782712936
0.10765482485294342
0.09815330058336258
0.10736068338155746
0.10913433134555817
0.10896285623311996
0.10264372825622559
0.10586019605398178
0.10500650852918625
0.10251914709806442
0.11238256841897964
0.10132709890604019
0.10645496100187302
0.10904929786920547
0.10203985869884491
0.10667749494314194
0.10072074830532074
0.1011141911149025
0.10255946964025497
0.10245539993047714
0.10410126298666
0.10634935647249222
0.10321321338415146
0.10522341728210449
0.1020704060792923
0.10433708876371384
0.10636787861585617
0.10225997120141983
