0.9996153712272644
0.9995524287223816
0.9990227818489075
0.9986628293991089
0.9984627366065979
0.9983120560646057
0.9980865716934204
0.9979041218757629
0.997794508934021
0.9977203607559204
0.9971826672554016
0.9970898628234863
0.9968390464782715
0.9961419701576233
0.9959911108016968
0.9956309199333191
0.9954036474227905
0.9950157403945923
0.994186282157898
0.9937790632247925
0.9932273030281067
0.9925087690353394
0.9913069009780884
0.9903861284255981
0.9893714189529419
0.9879636168479919
0.9862915277481079
0.9836253523826599
0.9810579419136047
0.97772616147995
0.9752762913703918
0.9686585068702698
0.9634886980056763
0.9567298293113708
0.9523125290870667
0.9402251243591309
0.9316760897636414
0.9211341142654419
0.91100013256073
0.8949613571166992
0.8781569600105286
0.8609054684638977
0.8488560914993286
0.8236474990844727
0.8063274621963501
0.7983311414718628
0.7729644179344177
0.7454751133918762
0.7283449769020081
0.7260757088661194
0.7151174545288086
0.6881204843521118
0.6654601097106934
0.6510720252990723
0.6364396214485168
0.5940712690353394
0.5936621427536011
0.6189030408859253
0.5736101865768433
0.581895649433136
0.5597091913223267
0.5580074191093445
0.5460828542709351
0.5268056988716125
0.5196285843849182
0.5157355070114136
0.5241419672966003
0.5096337199211121
0.4938569962978363
0.491737425327301
0.494640052318573
0.4766114056110382
0.47530633211135864
0.4797135889530182
0.4883665442466736
0.47245994210243225
0.4639502167701721
0.46202874183654785
0.48400142788887024
0.4533565938472748
0.45538169145584106
0.4334423243999481
0.4442903399467468
0.45186200737953186
0.44135499000549316
0.45285800099372864
0.4365013539791107
0.42640408873558044
0.4160410463809967
0.4060717523097992
0.416928231716156
0.4115850031375885
0.38849472999572754
0.4037662446498871
0.40716060996055603
0.39812275767326355
0.3929113447666168
0.4128667712211609
0.4149729907512665
0.4274374544620514
0.41918352246284485
0.4060981571674347
0.3789975941181183
0.4046330153942108
0.3996897339820862
0.37863317131996155
0.39916855096817017
0.38820838928222656
0.38296228647232056
0.3794882297515869
0.36831873655319214
0.4035201966762543
0.3779189884662628
0.37226226925849915
0.388914555311203
0.3679683804512024
0.36801600456237793
0.3865251839160919
0.38377127051353455
0.37020471692085266
0.40427619218826294
0.3747982084751129
0.36742010712623596
0.36539775133132935
0.35288920998573303
0.3576955199241638
0.34304046630859375
0.36148929595947266
0.36242470145225525
0.36317625641822815
0.34442898631095886
0.35148385167121887
0.3473455607891083
0.35583826899528503
0.35000354051589966
0.34905481338500977
0.336875855922699
0.3451453745365143
0.3448231518268585
0.3587372601032257
0.34545186161994934
0.33837318420410156
0.35929062962532043
0.3391466736793518
0.34104064106941223
0.3593146502971649
0.34881100058555603
0.34183770418167114
0.34663042426109314
0.3350204527378082
0.33510032296180725
0.32872533798217773
0.3377770781517029
0.34464749693870544
0.3376714587211609
0.32914504408836365
0.33326801657676697
0.32193830609321594
0.33388710021972656
0.3464277386665344
0.3431716561317444
0.3181486129760742
0.3445543348789215
0.3398629128932953
0.35061177611351013
0.3409405052661896
0.32726266980171204
0.3313339054584503
0.3411635756492615
0.32808929681777954
0.34905752539634705
0.3284386992454529
0.3542725145816803
0.3458681106567383
0.3374675214290619
0.33965879678726196
0.3604263961315155
0.3394784927368164
0.3225592076778412
0.319956511259079
0.3199087083339691
0.3348637521266937
0.32255691289901733
0.32134246826171875
0.31648868322372437
0.3160026967525482
0.3242715895175934
0.3171263337135315
0.31481248140335083
0.3155026137828827
0.33344390988349915
0.3323468565940857
0.3158596158027649
0.3205418288707733
0.31272777915000916
0.3140561282634735
0.31148457527160645
0.3133615553379059
0.3212091624736786
0.32363155484199524
0.3205471932888031
0.32377222180366516
0.30676698684692383
0.3141404986381531
0.30341649055480957
0.31589481234550476
0.31012263894081116
0.3057970106601715
0.31086498498916626
0.30548620223999023
0.32180896401405334
0.3180759847164154
0.3242033123970032
0.33842405676841736
0.3297865688800812
0.31657692790031433
0.31792500615119934
0.3322175443172455
0.3157556653022766
0.3079010844230652
0.30957627296447754
0.31189393997192383
0.31587544083595276
0.31451544165611267
0.30683305859565735
0.3324572443962097
0.3050897419452667
0.3108907639980316
0.3027194142341614
0.3057642877101898
0.3047843873500824
0.29987719655036926
0.28731289505958557
0.325068861246109
0.29709357023239136
0.3190251290798187
0.30152034759521484
0.28910598158836365
0.306437224149704
0.3165220618247986
0.304858922958374
0.31915611028671265
0.3078237473964691
0.30260565876960754
0.31146565079689026
0.3216824531555176
0.30030161142349243
0.307746022939682
0.309695303440094
0.28485819697380066
0.29962652921676636
0.2937195897102356
0.28601551055908203
0.3014397621154785
0.31041616201400757
0.2956744134426117
0.3024488389492035
0.2892223298549652
0.3005642890930176
0.28495535254478455
0.3012504577636719
0.29087045788764954
0.29653027653694153
0.29634198546409607
0.30460014939308167
0.30533352494239807
0.30177026987075806
0.2905789315700531
0.3001909852027893
0.28550654649734497
0.30447015166282654
0.2926464080810547
0.3024410307407379
0.2872205674648285
0.2936299741268158
0.29527729749679565
0.28966787457466125
0.29173964262008667
0.28688177466392517
0.27709636092185974
0.2906494736671448
0.29728057980537415
0.30321505665779114
0.3060295283794403
0.2929062843322754
0.28968098759651184
0.29720887541770935
0.2721591591835022
0.2997773289680481
0.28290292620658875
0.2931904196739197
0.3073762357234955
0.2976827323436737
0.3006424307823181
0.29206618666648865
0.29971760511398315
0.287124902009964
0.29359206557273865
0.3119811415672302
0.2944245934486389
0.28259262442588806
0.29695001244544983
0.28298264741897583
0.32025232911109924
0.3043641448020935
0.2902851998806
0.29188862442970276
0.28822270035743713
0.2877900302410126
0.29876285791397095
0.29296281933784485
0.2793496549129486
0.28085067868232727
0.28518247604370117
0.2949303090572357
0.28724995255470276
0.2987208664417267
0.2891160845756531
0.27167609333992004
0.2822030484676361
0.2962537705898285
0.2802714705467224
0.28842514753341675
0.28492841124534607
0.2900277078151703
0.2934870421886444
0.2872925400733948
0.3084271550178528
0.2988390326499939
0.2804369330406189
0.2794346213340759
0.2882062494754791
0.3041374683380127
0.2829691171646118
0.28236445784568787
0.2754981219768524
0.288062185049057
0.282738596200943
0.2701786160469055
0.29496997594833374
0.2897105813026428
0.2739027142524719
0.2880287170410156
0.2820356488227844
0.28359171748161316
0.2781587243080139
0.285258024930954
0.28128188848495483
0.274505078792572
0.2785995900630951
0.27792105078697205
0.27135831117630005
0.2826063930988312
0.2832678258419037
0.2802029550075531
0.2921016216278076
0.2808454930782318
0.2826353907585144
0.28096166253089905
0.27124127745628357
0.2729087173938751
0.27528077363967896
0.2825152277946472
0.2829326093196869
0.27238112688064575
0.2641955018043518
0.27542951703071594
0.2698308527469635
0.2941311299800873
0.28613415360450745
0.2689572274684906
0.28088685870170593
0.27718421816825867
0.28304213285446167
0.27371522784233093
0.2811097204685211
0.28422459959983826
0.2758643925189972
0.28912225365638733
0.27444201707839966
0.2889111638069153
0.2748986780643463
0.28214016556739807
0.27903833985328674
0.3134797513484955
0.2786784768104553
0.2759927213191986
0.2733496129512787
0.2740463614463806
0.26982349157333374
0.2697885036468506
0.27728766202926636
0.27400293946266174
0.27237385511398315
0.27056387066841125
0.2806873321533203
0.2735110819339752
0.2758750319480896
0.29258790612220764
0.284368634223938
0.275734007358551
0.2757968604564667
0.27307364344596863
0.27479371428489685
0.2693842947483063
0.2739258408546448
0.2702212631702423
0.28890806436538696
0.274265319108963
0.2725028395652771
0.2760830521583557
0.28207650780677795
0.2756650447845459
0.2630574107170105
0.2780667245388031
0.2796100974082947
0.2852230966091156
0.2763557732105255
0.28642991185188293
0.26675817370414734
0.2713022530078888
0.2698279321193695
0.27381888031959534
0.26061198115348816
0.2707560658454895
0.26866501569747925
0.2798950970172882
0.27112099528312683
0.26423972845077515
0.2828628122806549
0.269408255815506
0.26229551434516907
0.26423999667167664
0.27213457226753235
0.2773502767086029
0.27176520228385925
0.26668915152549744
0.27684634923934937
0.2735191285610199
0.2706097364425659
0.2746724784374237
0.2827068269252777
0.27572813630104065
0.26745960116386414
0.27897948026657104
0.26731759309768677
0.28889861702919006
0.26712122559547424
0.2860155403614044
0.27405399084091187
0.2702603042125702
0.26009654998779297
0.2753234803676605
0.2681262493133545
0.2759508788585663
0.271077424287796
0.2870025336742401
0.27440473437309265
0.2749630808830261
0.2852720618247986
0.26437073945999146
0.2620047926902771
0.2636617124080658
0.27755728363990784
0.2681674361228943
0.2753363251686096
0.2737739384174347
0.2851182818412781
0.26544156670570374
0.27077361941337585
0.2588731646537781
0.2631452977657318
0.2705797851085663
0.2732889652252197
0.2661232650279999
0.263115257024765
0.2694849967956543
0.27343812584877014
0.27476394176483154
0.27900952100753784
0.2689487934112549
0.2626415491104126
0.26499247550964355
0.2882501184940338
0.26889851689338684
0.2698810398578644
0.2857350707054138
0.2817513048648834
0.2656489908695221
0.2824762463569641
0.28523433208465576
0.26769155263900757
0.26683568954467773
0.2769244611263275
0.27897778153419495
0.26462212204933167
0.28752419352531433
0.27007943391799927
0.2589279115200043
0.27865925431251526
