0.9994997382164001
0.9991548657417297
0.9984756708145142
0.998022198677063
0.9976338744163513
0.9971640706062317
0.9966484308242798
0.995937705039978
0.9947697520256042
0.9930575489997864
0.9900797605514526
0.9846926331520081
0.9745750427246094
0.9552994966506958
0.9245100617408752
0.8782601356506348
0.8212935924530029
0.7663449645042419
0.7033554911613464
0.6610350012779236
0.6245318651199341
0.6001771092414856
0.5774655342102051
0.5734385848045349
0.5444633960723877
0.5294926762580872
0.515931248664856
0.5070557594299316
0.4951859414577484
0.490673691034317
0.49314412474632263
0.4826643764972687
0.48726317286491394
0.47065770626068115
0.455800324678421
0.46308085322380066
0.45974108576774597
0.466403067111969
0.44875138998031616
0.4479546844959259
0.44715091586112976
0.4419826865196228
0.4410061240196228
0.43629270792007446
0.4464424252510071
0.4454405605792999
0.44175830483436584
0.4337875247001648
0.43200457096099854
0.4259176254272461
0.4323588013648987
0.4213044345378876
0.42917492985725403
0.431120365858078
0.42266011238098145
0.41882243752479553
0.4303121566772461
0.42490413784980774
0.40764451026916504
0.41932424902915955
0.4211444854736328
0.4165966808795929
0.41154903173446655
0.4032074213027954
0.41305869817733765
0.4150674343109131
0.4099106192588806
0.4060050845146179
0.40554195642471313
0.39899584650993347
0.39954689145088196
0.41158372163772583
0.4027872681617737
0.4000701904296875
0.40265169739723206
0.4067543148994446
0.40126118063926697
0.3957257866859436
0.4040974974632263
0.4140585958957672
0.40527161955833435
0.3991003930568695
0.39773470163345337
0.39055588841438293
0.3929765224456787
0.39739662408828735
0.3894944489002228
0.38599535822868347
0.3911064565181732
0.39416614174842834
0.3918245732784271
0.38850608468055725
0.38453465700149536
0.401932954788208
0.3838866651058197
0.3885137438774109
0.3907229006290436
0.38884198665618896
0.3882240056991577
0.3781581521034241
0.3838402032852173
0.3785407543182373
0.3819465637207031
0.37872958183288574
0.38052859902381897
0.3759285509586334
0.37475672364234924
0.3830588757991791
0.38060691952705383
0.3783494234085083
0.3767000734806061
0.37618979811668396
0.38260751962661743
0.37614890933036804
0.37873390316963196
0.3703958988189697
0.38055431842803955
0.37488991022109985
0.3731864392757416
0.3716423511505127
0.3780440390110016
0.37474459409713745
0.37024766206741333
0.3785210847854614
0.376825749874115
0.3760618567466736
0.3795413374900818
0.37865638732910156
0.37479785084724426
0.36742982268333435
0.37665724754333496
0.37189608812332153
0.36811667680740356
0.3719983696937561
0.37063631415367126
0.3729848265647888
0.3746390640735626
0.37783709168434143
0.3647482097148895
0.36591455340385437
0.3585767149925232
0.3646233379840851
0.3620324730873108
0.3708169460296631
0.3726135790348053
0.37548622488975525
0.3735845386981964
0.3666127622127533
0.371543824672699
0.36097559332847595
0.36128661036491394
0.36349841952323914
0.37145644426345825
0.3737160265445709
0.36573541164398193
0.3656894564628601
0.3686613142490387
0.36497625708580017
0.3683219850063324
0.36387473344802856
0.36579591035842896
0.36355262994766235
0.36583104729652405
0.35777419805526733
0.3596467077732086
0.3649924695491791
0.3633278012275696
0.36247316002845764
0.35435938835144043
0.3522791862487793
0.358280211687088
0.3551212549209595
0.3562880754470825
0.3611164689064026
0.35262030363082886
0.364238977432251
0.36485832929611206
0.358920693397522
0.35263925790786743
0.35314705967903137
0.35764098167419434
0.35868269205093384
0.3526769280433655
0.35459285974502563
0.3613679111003876
0.34745368361473083
0.35916662216186523
0.3572877049446106
0.356661856174469
0.35139256715774536
0.34935668110847473
0.35598158836364746
0.3522501587867737
0.35758501291275024
0.35054683685302734
0.34426888823509216
0.3492315113544464
0.35078132152557373
0.34857428073883057
0.3537925183773041
0.34749865531921387
0.34704819321632385
0.34566810727119446
0.3465157449245453
0.35461488366127014
0.34749239683151245
0.35043421387672424
0.35113847255706787
0.3458496630191803
0.3460739552974701
0.345756471157074
0.3485100567340851
0.3489511013031006
0.3438384532928467
0.34543317556381226
0.34350818395614624
0.3432881236076355
0.34952664375305176
0.34097644686698914
0.34478870034217834
0.34551554918289185
0.3434135317802429
0.343791663646698
0.340671569108963
0.34300026297569275
0.3405371308326721
0.3428877294063568
0.3472716808319092
0.3448292016983032
0.3449188470840454
0.341113805770874
0.34285396337509155
0.34244608879089355
0.34036609530448914
0.3460371494293213
0.3479560315608978
0.3412872850894928
0.3378945589065552
0.3401499390602112
0.3524092137813568
0.34444212913513184
0.33946967124938965
0.3409998118877411
0.3460911214351654
0.33953309059143066
0.33887842297554016
0.34042254090309143
0.336967408657074
0.3376314640045166
0.33825868368148804
0.3348063826560974
0.33954209089279175
0.3480308949947357
0.33521777391433716
0.3356228470802307
0.3412395119667053
0.332533061504364
0.3309665322303772
0.33062276244163513
0.3446740210056305
0.3310811519622803
0.3380201756954193
0.331892728805542
0.33143699169158936
0.32953789830207825
0.33385929465293884
0.3332889676094055
0.3313019871711731
0.3355332612991333
0.3380536139011383
0.3259117901325226
0.33034616708755493
0.32375216484069824
0.32464250922203064
0.33351051807403564
0.3302702307701111
0.3322484493255615
0.32733839750289917
0.33063337206840515
0.3323723077774048
0.328474760055542
0.3318602740764618
0.32806718349456787
0.32216668128967285
0.32641690969467163
0.3216525614261627
0.32613956928253174
0.3208553194999695
0.32532212138175964
0.32184118032455444
0.3222149908542633
0.3233147859573364
0.3208707273006439
0.3267078399658203
0.32002002000808716
0.3219207227230072
0.3222964406013489
0.3247487545013428
0.3232277035713196
0.32269561290740967
0.32227596640586853
0.32532718777656555
0.3264366090297699
0.3193485736846924
0.3244575262069702
0.31811970472335815
0.3212665021419525
0.3161391317844391
0.317903995513916
0.32089918851852417
0.3165878355503082
0.31935369968414307
0.32059246301651
0.3227732181549072
0.3157828748226166
0.3128816783428192
0.3146343231201172
0.31732460856437683
0.3101488947868347
0.315449982881546
0.32119107246398926
0.31548041105270386
0.31590163707733154
0.3140721023082733
0.3222102224826813
0.3129645884037018
0.3197445571422577
0.31991440057754517
0.3113713264465332
0.3136920630931854
0.31854769587516785
0.3131408989429474
0.32249876856803894
0.314460426568985
0.31694862246513367
0.31863099336624146
0.3129453957080841
0.31408753991127014
0.31167906522750854
0.31351184844970703
0.3094835579395294
0.314381867647171
0.31456780433654785
0.3183130621910095
0.3098808228969574
0.308420330286026
0.3128616511821747
0.30966296792030334
0.3100333511829376
0.3137798309326172
0.3124580979347229
0.31065788865089417
0.3083503842353821
0.3126199245452881
0.31214624643325806
0.3110487759113312
0.3155645728111267
0.3120289742946625
0.3132641315460205
0.30925220251083374
0.3080283999443054
0.31298092007637024
0.3082415759563446
0.31000277400016785
0.3104706108570099
0.31460779905319214
0.30997002124786377
0.31215324997901917
0.31364503502845764
0.31156277656555176
0.31405138969421387
0.3117903470993042
0.3043290376663208
0.3068889081478119
0.31126704812049866
0.3135369122028351
0.30795398354530334
0.30759987235069275
0.30858364701271057
0.3082388937473297
0.3103009760379791
0.3116827607154846
0.3047999441623688
0.3079211413860321
0.31119880080223083
0.31274640560150146
0.30494654178619385
0.30929774045944214
0.3039305806159973
0.3040109872817993
0.3060518801212311
0.3018677234649658
0.30518850684165955
0.30298879742622375
0.3073905408382416
0.30980122089385986
0.3060678243637085
0.3011385500431061
0.3094097673892975
0.30992668867111206
0.304093599319458
0.3033193051815033
0.3066612780094147
0.31029829382896423
0.3103819787502289
0.31053459644317627
0.3085697889328003
0.3071785867214203
0.30577173829078674
0.3069802224636078
0.30517154932022095
0.30944618582725525
0.3102206885814667
0.3040587604045868
0.3072504997253418
0.31103721261024475
0.30484461784362793
0.29904189705848694
0.29962295293807983
0.3095908761024475
0.30303817987442017
0.30428656935691833
0.3091595470905304
0.30260545015335083
0.3026045262813568
0.3070448338985443
0.3045033812522888
0.3011312782764435
0.300575315952301
0.29978615045547485
0.309935599565506
0.3041676878929138
0.3025508224964142
0.304706871509552
0.3013581335544586
0.3042939007282257
0.3044823110103607
0.3027168810367584
0.29858261346817017
0.30781689286231995
0.3007957339286804
0.30311304330825806
0.29937294125556946
0.3051336407661438
0.30469533801078796
0.30056601762771606
0.30027538537979126
0.3088279366493225
0.3070852756500244
0.3041289150714874
0.29733121395111084
0.3063315451145172
0.3032291829586029
0.29964789748191833
0.307584673166275
0.3025597333908081
0.30261340737342834
0.3056042790412903
0.30126941204071045
0.3036629855632782
0.29910364747047424
0.3006923198699951
0.3049987554550171
0.30333471298217773
0.300651878118515
0.30427634716033936
0.30426689982414246
0.30356207489967346
0.30011728405952454
0.3094756007194519
0.3002261221408844
0.3089982867240906
0.303363174200058
0.2992660403251648
0.29934802651405334
0.30198076367378235
0.3006252646446228
0.30431485176086426
0.3052210509777069
0.3008285462856293
0.3042376637458801
0.3117113709449768
0.3059789538383484
0.3046726584434509
0.2993699312210083
0.3036518096923828
0.3022805452346802
0.3018497824668884
0.30190637707710266
0.30535146594047546
0.2987835705280304
0.3027369976043701
0.300461083650589
0.2968969941139221
0.29996612668037415
0.3065853714942932
0.3050485849380493
0.3016112446784973
0.30464234948158264
0.3006410002708435
