0.999470055103302
0.9993327856063843
0.9991822838783264
0.9991369843482971
0.9990941882133484
0.9990639686584473
0.999008297920227
0.9989343285560608
0.9988235235214233
0.9986515045166016
0.9983559846878052
0.9978166222572327
0.9969572424888611
0.9954321980476379
0.9925497770309448
0.986781895160675
0.9773362278938293
0.9635670185089111
0.9471572041511536
0.927754819393158
0.906539797782898
0.8833805918693542
0.8653231859207153
0.8414963483810425
0.8242416381835938
0.8040386438369751
0.7865080833435059
0.774341881275177
0.7539112567901611
0.7380643486976624
0.7239699959754944
0.7129132747650146
0.6992040276527405
0.6836378574371338
0.6748600006103516
0.6590149402618408
0.6490593552589417
0.6392280459403992
0.6285221576690674
0.6188548803329468
0.6090371012687683
0.6072419285774231
0.5964570641517639
0.5919042825698853
0.5862594842910767
0.5697617530822754
0.5684080719947815
0.5581992864608765
0.557594358921051
0.5378190279006958
0.5359967947006226
0.5268589854240417
0.5246366858482361
0.5214250683784485
0.5206261277198792
0.513616681098938
0.5047391653060913
0.5014377236366272
0.49770838022232056
0.4914295971393585
0.4891358017921448
0.48192501068115234
0.4807906746864319
0.4774113595485687
0.4727286696434021
0.47286105155944824
0.4640553891658783
0.46837955713272095
0.4594537615776062
0.4648238718509674
0.45583081245422363
0.44831979274749756
0.4516702890396118
0.4450169503688812
0.4404807388782501
0.4379875063896179
0.4382542073726654
0.439873069524765
0.4347657561302185
0.4324006140232086
0.4273044466972351
0.42891451716423035
0.4296310544013977
0.4198858141899109
0.4199191927909851
0.4191897213459015
0.4274442195892334
0.4215501546859741
0.4104791283607483
0.41212722659111023
0.4087201654911041
0.40649884939193726
0.41214099526405334
0.4083441197872162
0.40404069423675537
0.4018142819404602
0.3989414870738983
0.4020795226097107
0.40131813287734985
0.39847588539123535
0.39472755789756775
0.39077281951904297
0.39268651604652405
0.387352854013443
0.3934382498264313
0.3860442638397217
0.3913946747779846
0.3960091769695282
0.38614168763160706
0.3958771526813507
0.3864632546901703
0.38251373171806335
0.3771016597747803
0.3753916025161743
0.38076847791671753
0.3774474263191223
0.38160741329193115
0.38017377257347107
0.3718320429325104
0.3731754720211029
0.3755250573158264
0.3790866434574127
0.37130191922187805
0.37227562069892883
0.36881569027900696
0.36912602186203003
0.3665739595890045
0.3628176152706146
0.36488062143325806
0.3693747818470001
0.38081276416778564
0.37271377444267273
0.3649870455265045
0.36220985651016235
0.3608591556549072
0.3592696785926819
0.36603254079818726
0.3597821295261383
0.3546464145183563
0.356261283159256
0.3568402826786041
0.35606512427330017
0.3644915223121643
0.3542475700378418
0.3589722514152527
0.354086309671402
0.36165088415145874
0.36307311058044434
0.35662925243377686
0.35286563634872437
0.3464358150959015
0.35402923822402954
0.34651878476142883
0.3464343845844269
0.3420253396034241
0.3447476923465729
0.34301942586898804
0.34457871317863464
0.34306302666664124
0.34544089436531067
0.34443289041519165
0.3453141748905182
0.34220513701438904
0.3423689603805542
0.3420581817626953
0.3378124535083771
0.3396391272544861
0.33776360750198364
0.3354863226413727
0.33664658665657043
0.3355633318424225
0.3419410288333893
0.3421376943588257
0.3490428328514099
0.33768147230148315
0.3360932171344757
0.33556926250457764
0.336043119430542
0.332104355096817
0.3330765962600708
0.33201679587364197
0.33336901664733887
0.32990777492523193
0.3320668041706085
0.33330750465393066
0.3328736126422882
0.32716459035873413
0.33152201771736145
0.3239326775074005
0.3315088450908661
0.32991939783096313
0.3304218351840973
0.3331696689128876
0.33622896671295166
0.3310003876686096
0.32796338200569153
0.3262801170349121
0.32796064019203186
0.32970866560935974
0.3247564733028412
0.321260929107666
0.32383647561073303
0.32902994751930237
0.3252251148223877
0.32272642850875854
0.31946659088134766
0.3214524984359741
0.3168051540851593
0.3190724849700928
0.32087182998657227
0.32359591126441956
0.3249872028827667
0.31455913186073303
0.32212454080581665
0.31572073698043823
0.3149849474430084
0.3129725754261017
0.31290602684020996
0.316759318113327
0.3144413232803345
0.3181118369102478
0.31465429067611694
0.31227022409439087
0.3097396790981293
0.30526936054229736
0.31428712606430054
0.3122466802597046
0.30863651633262634
0.30701544880867004
0.3110620677471161
0.30987513065338135
0.30801311135292053
0.30483871698379517
0.3057587742805481
0.30838140845298767
0.3074866831302643
0.3072148263454437
0.3017638325691223
0.3056718707084656
0.30731481313705444
0.30408263206481934
0.31022247672080994
0.3045620620250702
0.30139538645744324
0.30358949303627014
0.30201780796051025
0.298299103975296
0.2953605055809021
0.3050772249698639
0.29665490984916687
0.29910558462142944
0.2976505160331726
0.2943849563598633
0.2973858416080475
0.3048841953277588
0.2970307171344757
0.29923349618911743
0.2971881926059723
0.29445046186447144
0.2957848608493805
0.29933449625968933
0.2930351793766022
0.2910580039024353
0.29871296882629395
0.2942012548446655
0.2944275438785553
0.2942085862159729
0.29395556449890137
0.2940507233142853
0.2917276620864868
0.29801997542381287
0.2951444685459137
0.2919228971004486
0.2930196523666382
0.2941991686820984
0.2959734797477722
0.2904498279094696
0.28855788707733154
0.2871236205101013
0.2923842966556549
0.2892555594444275
0.28643354773521423
0.29200440645217896
0.28959280252456665
0.29013699293136597
0.28806978464126587
0.2890609800815582
0.28874269127845764
0.2872832119464874
0.28482675552368164
0.2892826497554779
0.28510981798171997
0.2904818058013916
0.28716644644737244
0.28608688712120056
0.28464874625205994
0.2861727774143219
0.2856619954109192
0.28200528025627136
0.28120318055152893
0.2879919409751892
0.28202128410339355
0.2858002483844757
0.28484997153282166
0.28428617119789124
0.2829672396183014
0.28451821208000183
0.2840811014175415
0.28332605957984924
0.28324687480926514
0.2844659686088562
0.28746578097343445
0.28287026286125183
0.2791476845741272
0.2834811508655548
0.28191834688186646
0.2799457013607025
0.28181642293930054
0.2859717607498169
0.27478262782096863
0.2794782221317291
0.27668657898902893
0.2852380871772766
0.2815934121608734
0.2774844467639923
0.27705323696136475
0.2787499725818634
0.27854055166244507
0.2762317657470703
0.2762230336666107
0.2770053446292877
0.276204377412796
0.27886682748794556
0.277405321598053
0.27639421820640564
0.27627894282341003
0.2817840278148651
0.2781001329421997
0.2790225148200989
0.2799370288848877
0.27709150314331055
0.2770167887210846
0.2757454514503479
0.2722635269165039
0.278515100479126
0.27320596575737
0.27577072381973267
0.27527108788490295
0.2732914388179779
0.27372947335243225
0.2791052460670471
0.27837106585502625
0.2736259996891022
0.27211707830429077
0.2731298804283142
0.2732126712799072
0.27321815490722656
0.27407774329185486
0.27545857429504395
0.27664923667907715
0.2720579504966736
0.2729705274105072
0.27276545763015747
0.2742093503475189
0.27239567041397095
0.27137866616249084
0.2721717059612274
0.2735958993434906
0.27137598395347595
0.27138686180114746
0.2691379189491272
0.26876023411750793
0.27402234077453613
0.2702983021736145
0.2709038257598877
0.2762543857097626
0.2716846466064453
0.27575361728668213
0.2719152867794037
0.27286943793296814
0.2717171311378479
0.27032947540283203
0.2713097035884857
0.27234721183776855
0.27192699909210205
0.26983094215393066
0.27320361137390137
0.2696024477481842
0.2685464024543762
0.2682267725467682
0.27044397592544556
0.26966995000839233
0.26787427067756653
0.26826024055480957
0.2675987780094147
0.2695181667804718
0.2660757601261139
0.2700168490409851
0.26806730031967163
0.26867640018463135
0.26776134967803955
0.26745420694351196
0.26824039220809937
0.2696515619754791
0.2664753496646881
0.26726120710372925
0.2668326497077942
0.26512834429740906
0.26613175868988037
0.2705320417881012
0.26816269755363464
0.2658456861972809
0.2651977241039276
0.2659231722354889
0.2672635316848755
0.2646483778953552
0.26721253991127014
0.26669979095458984
0.26569101214408875
0.2673684358596802
0.2646540701389313
0.26477792859077454
0.26886415481567383
0.26844385266304016
0.26821431517601013
0.26881304383277893
0.2686912715435028
0.2663758099079132
0.26882776618003845
0.26530715823173523
0.2675102651119232
0.2643137574195862
0.2639418840408325
0.26272159814834595
0.26707643270492554
0.2671017646789551
0.26812368631362915
0.26581159234046936
0.2627173066139221
0.26319727301597595
0.26079925894737244
0.2650469243526459
0.26754289865493774
0.2674085199832916
0.2636025846004486
0.26547524333000183
0.26542237401008606
0.263839453458786
0.2659912705421448
0.265541136264801
0.26409658789634705
0.2627449333667755
0.2655301094055176
0.26440879702568054
0.2610020339488983
0.26619723439216614
0.26630157232284546
0.26828157901763916
0.2639387249946594
0.2637072503566742
0.2659243047237396
0.264601469039917
0.26206591725349426
0.2631225287914276
0.26423224806785583
0.26073747873306274
0.26468130946159363
0.262408584356308
0.26722219586372375
0.262421578168869
0.26250630617141724
0.2616961896419525
0.26159730553627014
0.26560384035110474
0.26604774594306946
0.2651119828224182
0.26327958703041077
0.2621486485004425
0.26694852113723755
0.2616492807865143
0.2614307403564453
0.26407936215400696
0.26441001892089844
0.26769477128982544
0.26291316747665405
0.26284244656562805
0.26501646637916565
0.26386988162994385
0.26392024755477905
0.26249080896377563
0.2641061842441559
0.2613978981971741
0.2630963921546936
0.2622627317905426
0.26656898856163025
0.2636911869049072
0.26333341002464294
0.26193174719810486
0.26137012243270874
0.26338961720466614
