0.999570906162262
0.9984803199768066
0.9972985982894897
0.9957870244979858
0.9932129979133606
0.9912604689598083
0.988660991191864
0.982110857963562
0.9729276299476624
0.9506680369377136
0.9290980696678162
0.8661252856254578
0.8280389904975891
0.7818922996520996
0.6574357151985168
0.6120418310165405
0.5487518906593323
0.4791606068611145
0.4621399939060211
0.48321452736854553
0.4299457371234894
0.39773696660995483
0.4189586639404297
0.3863101005554199
0.3588549494743347
0.35042494535446167
0.39469271898269653
0.3884301781654358
0.4145471751689911
0.42012548446655273
0.34258484840393066
0.34919747710227966
0.3252284526824951
0.3309726119041443
0.3544977009296417
0.3434779942035675
0.3444826006889343
0.292877733707428
0.3121320903301239
0.28406378626823425
0.2912389934062958
0.29884666204452515
0.28503063321113586
0.2717861831188202
0.40607109665870667
0.39066067337989807
0.35207894444465637
0.3166640102863312
0.3101300597190857
0.26715418696403503
0.286333292722702
0.37886151671409607
0.3324349522590637
0.2932172417640686
0.2998698651790619
0.2900523245334625
0.37876200675964355
0.34290361404418945
0.2764607071876526
0.2828427255153656
0.27815884351730347
0.25391167402267456
0.28031376004219055
0.3037896156311035
0.27209538221359253
0.2534680962562561
0.2664615511894226
0.25938233733177185
0.23857375979423523
0.28563085198402405
0.24588486552238464
0.2372293472290039
0.25010305643081665
0.24081774055957794
0.2311912328004837
0.2455480843782425
0.23708634078502655
0.2392529547214508
0.25573521852493286
0.25560426712036133
0.2474583238363266
0.2736247181892395
0.24378545582294464
0.30349892377853394
0.2640590965747833
0.27446064352989197
0.25431981682777405
0.2512724697589874
0.2855319678783417
0.30996087193489075
0.24717947840690613
0.26808851957321167
0.22897376120090485
0.27758991718292236
0.24011944234371185
0.23993206024169922
0.2550143301486969
0.2323799431324005
0.24770985543727875
0.26900917291641235
0.22447916865348816
0.23498038947582245
0.22370436787605286
0.2342263162136078
0.2322709858417511
0.23852239549160004
0.2015600949525833
0.21974411606788635
0.22878646850585938
0.20380674302577972
0.2304771989583969
0.2178458869457245
0.18822243809700012
0.20876017212867737
0.2816678583621979
0.2427578717470169
0.25254902243614197
0.29935359954833984
0.21324355900287628
0.20941545069217682
0.20624041557312012
0.1995047628879547
0.2583383321762085
0.31070709228515625
0.2975885570049286
0.24222704768180847
0.24297598004341125
0.2173151969909668
0.23103706538677216
0.2314171940088272
0.2623317837715149
0.26165971159935
0.3234194219112396
0.25922274589538574
0.24852323532104492
0.2559385597705841
0.26761725544929504
0.24616576731204987
0.2271064668893814
0.20447249710559845
0.21286416053771973
0.23162777721881866
0.19900216162204742
0.2097642719745636
0.1847059428691864
0.17796526849269867
0.20420442521572113
0.19470517337322235
0.22279302775859833
0.21607020497322083
0.2148343175649643
0.18380948901176453
0.2096938192844391
0.2079140841960907
0.1802310049533844
0.188287615776062
0.21793118119239807
0.19261452555656433
0.18525953590869904
0.17363247275352478
0.1994630992412567
0.2023865431547165
0.2104889303445816
0.20600011944770813
0.21103490889072418
0.2016465961933136
0.18932676315307617
0.17121806740760803
0.18099011480808258
0.1875234842300415
0.19065742194652557
0.1935119777917862
0.17777509987354279
0.1956939548254013
0.1804455667734146
0.18994630873203278
0.18121600151062012
0.19335542619228363
0.18342378735542297
0.1850123107433319
0.18792805075645447
0.17388716340065002
0.17868249118328094
0.21953172981739044
0.1921539008617401
0.1766686588525772
0.17927061021327972
0.1728716343641281
0.17352911829948425
0.17244644463062286
0.19577457010746002
0.1672324389219284
0.18471400439739227
0.171757772564888
0.181048184633255
0.20100878179073334
0.19108796119689941
0.16369202733039856
0.19315685331821442
0.1737862527370453
0.1935204267501831
0.1953400820493698
0.20160140097141266
0.19432730972766876
0.19289280474185944
0.2104652374982834
0.2038644552230835
0.1865028291940689
0.18982955813407898
0.2336830049753189
0.20255567133426666
0.17554642260074615
0.1910095512866974
0.18043676018714905
0.1675906926393509
0.1752326488494873
0.17496366798877716
0.16831830143928528
0.17914879322052002
0.1811319887638092
0.1654403656721115
0.16523678600788116
0.18373258411884308
0.18754485249519348
0.17227940261363983
0.16127128899097443
0.15870366990566254
0.19261719286441803
0.19547389447689056
0.17788104712963104
0.15499159693717957
0.17987176775932312
0.1768801063299179
0.16122989356517792
0.17139960825443268
0.18162810802459717
0.1712464541196823
0.21250930428504944
0.174967959523201
0.17096932232379913
0.17900416254997253
0.18464551866054535
0.17452237010002136
0.17892222106456757
0.16129496693611145
0.17238517105579376
0.16712364554405212
0.1687631905078888
0.1620025783777237
0.1656939685344696
0.15935246646404266
0.17270635068416595
0.1555549055337906
0.15943463146686554
0.1583530157804489
0.15876908600330353
0.15382929146289825
0.17266841232776642
0.17934133112430573
0.16884733736515045
0.17945344746112823
0.17456455528736115
0.16218529641628265
0.1585584431886673
0.15759854018688202
0.21889452636241913
0.18736138939857483
0.1643829047679901
0.19684752821922302
0.16676892340183258
0.15879137814044952
0.16725441813468933
0.15788599848747253
0.16158273816108704
0.15994057059288025
0.16654551029205322
0.15244650840759277
0.1567826271057129
0.15596196055412292
0.15180014073848724
0.1477900743484497
0.16036733984947205
0.15210317075252533
0.15406717360019684
0.15690062940120697
0.14881159365177155
0.15878912806510925
0.15423281490802765
0.17572124302387238
0.15291012823581696
0.1677529364824295
0.16030843555927277
0.16058960556983948
0.17816703021526337
0.15142206847667694
0.15791089832782745
0.16626277565956116
0.15754278004169464
0.14508911967277527
0.15959347784519196
0.15601347386837006
0.15233518183231354
0.1653045266866684
0.16442064940929413
0.170552596449852
0.1586909294128418
0.1565161496400833
0.16530582308769226
0.16464246809482574
0.16716326773166656
0.15378451347351074
0.15752911567687988
0.15065166354179382
0.14964045584201813
0.1970537155866623
0.1724351942539215
0.16354583203792572
0.1772410124540329
0.16837254166603088
0.1751999855041504
0.15015624463558197
0.14872045814990997
0.1496812254190445
0.148599773645401
0.15042313933372498
0.1506209522485733
0.1437351405620575
0.14951126277446747
0.14713509380817413
0.14389215409755707
0.16312040388584137
0.14995892345905304
0.14964497089385986
0.14860154688358307
0.1357128620147705
0.16908863186836243
0.14048364758491516
0.15324607491493225
0.1496819704771042
0.14631080627441406
0.14370475709438324
0.1585141122341156
0.14565642178058624
0.16442959010601044
0.15129201114177704
0.1580795794725418
0.1525615006685257
0.1413419246673584
0.15108653903007507
0.14901146292686462
0.1371454894542694
0.14949269592761993
0.15530650317668915
0.14638222754001617
0.1450432389974594
0.15788130462169647
0.14044515788555145
0.13993032276630402
0.14039334654808044
0.13811035454273224
0.1409340798854828
0.14227676391601562
0.14241312444210052
0.14351804554462433
0.1492367684841156
0.13870921730995178
0.13936014473438263
0.13906660676002502
0.14800696074962616
0.15508750081062317
0.18116804957389832
0.13689693808555603
0.12895643711090088
0.1395992934703827
0.14365948736667633
0.148671954870224
0.14378586411476135
0.1586247682571411
0.1513022929430008
0.15812990069389343
0.15453852713108063
0.14920075237751007
0.14326335489749908
0.1370391696691513
0.1374662071466446
0.1419672816991806
0.13808488845825195
0.14083005487918854
0.14968064427375793
0.152323380112648
0.1388336420059204
0.15149559080600739
0.14116431772708893
0.14245161414146423
0.13866041600704193
0.13959373533725739
0.1401185691356659
0.12922170758247375
0.1374363750219345
0.13716265559196472
0.13856056332588196
0.14786484837532043
0.146256685256958
0.13461999595165253
0.14156045019626617
0.15154661238193512
0.13801948726177216
0.13763205707073212
0.13771726191043854
0.14618396759033203
0.13754595816135406
0.1552264392375946
0.1338542252779007
0.13954207301139832
0.1396619975566864
0.1417449712753296
0.13361451029777527
0.13433225452899933
0.13927020132541656
0.14522776007652283
0.13885702192783356
0.1349661648273468
0.13832315802574158
0.128265842795372
0.13927385210990906
0.14222688972949982
0.14063914120197296
0.1363263875246048
0.14587368071079254
0.12994275987148285
0.15257439017295837
0.1275465041399002
0.12788496911525726
0.13801676034927368
0.13314546644687653
0.13455234467983246
0.1477743238210678
0.13158079981803894
0.1650524139404297
0.13698294758796692
0.13746747374534607
0.13272689282894135
0.12833303213119507
0.1422293484210968
0.13031236827373505
0.1466965526342392
0.13721385598182678
0.1426285058259964
0.149544820189476
0.13090868294239044
0.1343120038509369
0.13818183541297913
0.13877293467521667
0.14207948744297028
0.1255122870206833
0.13896265625953674
0.13766011595726013
0.12629690766334534
0.13344337046146393
0.1288474202156067
0.13929514586925507
0.14699111878871918
0.1478511393070221
0.1304154247045517
0.13645485043525696
0.13805387914180756
0.13241536915302277
0.1350315362215042
0.14414750039577484
0.1348201036453247
0.14409957826137543
0.13802067935466766
0.13982640206813812
0.1331014186143875
0.13492190837860107
0.1375080645084381
0.13089899718761444
0.13950206339359283
0.1468445509672165
0.13608041405677795
0.1340726912021637
0.13898202776908875
0.13512787222862244
0.13480445742607117
0.13069789111614227
0.14066077768802643
0.13189804553985596
0.14419658482074738
0.14408724009990692
0.12637366354465485
0.14518676698207855
0.13482308387756348
0.14295855164527893
0.1357194036245346
0.1540347784757614
0.14181683957576752
0.15061013400554657
0.13074573874473572
0.15067942440509796
0.13940361142158508
