0.9995790719985962
0.9967042803764343
0.9884798526763916
0.9668078422546387
0.8661308884620667
0.631111204624176
0.46947649121284485
0.42021486163139343
0.42330875992774963
0.4213683009147644
0.40692779421806335
0.3741725981235504
0.37806233763694763
0.3599614202976227
0.35015907883644104
0.3547299802303314
0.3449186682701111
0.3402464985847473
0.3326200842857361
0.33349257707595825
0.325453519821167
0.33266618847846985
0.3334433138370514
0.3364541828632355
0.3313363194465637
0.3186782896518707
0.3229217827320099
0.32281240820884705
0.3271220326423645
0.30963134765625
0.30437934398651123
0.31440556049346924
0.3149310052394867
0.30989763140678406
0.3045453727245331
0.32399895787239075
0.31719475984573364
0.29372459650039673
0.3065743148326874
0.30557188391685486
0.3045204281806946
0.28854870796203613
0.2958221733570099
0.29296210408210754
0.2972482144832611
0.3045717477798462
0.293049693107605
0.2855691909790039
0.2995443046092987
0.292804092168808
0.30793580412864685
0.2943141460418701
0.29213476181030273
0.29143479466438293
0.2923430800437927
0.2906236946582794
0.2927955090999603
0.29176798462867737
0.29554200172424316
0.295344740152359
0.2875940501689911
0.2902536690235138
0.27570492029190063
0.2922099232673645
0.28435593843460083
0.27552130818367004
0.28780311346054077
0.2906564772129059
0.2937152087688446
0.3014836013317108
0.2744557559490204
0.2771367132663727
0.2734902799129486
0.28150272369384766
0.27737748622894287
0.280524343252182
0.2812974750995636
0.2739730179309845
0.2724374532699585
0.2772769629955292
0.2738340497016907
0.27815231680870056
0.27484291791915894
0.273395299911499
0.27501794695854187
0.2665509283542633
0.26949334144592285
0.27496540546417236
0.27141910791397095
0.2740607261657715
0.26555442810058594
0.26930513978004456
0.27077606320381165
0.2688000202178955
0.2655208110809326
0.2688140571117401
0.26689252257347107
0.2642458975315094
0.28626006841659546
0.2881656587123871
0.2690735459327698
0.269504576921463
0.2672455906867981
0.26497575640678406
0.2611156105995178
0.2618409991264343
0.27050212025642395
0.26640835404396057
0.2594648599624634
0.26420149207115173
0.2571991980075836
0.25572940707206726
0.255095899105072
0.24953460693359375
0.2616194188594818
0.2552579939365387
0.2570088803768158
0.25505179166793823
0.2550894021987915
0.25734564661979675
0.25743770599365234
0.2689264118671417
0.274323046207428
0.2661782503128052
0.24974974989891052
0.2630285322666168
0.2765219509601593
0.2623765170574188
0.25473251938819885
0.26278460025787354
0.2560133934020996
0.25572124123573303
0.24744006991386414
0.25293999910354614
0.24872305989265442
0.25536009669303894
0.25019359588623047
0.2612236440181732
0.2543949484825134
0.2543303668498993
0.2721651792526245
0.26241350173950195
0.26587751507759094
0.26871469616889954
0.25490888953208923
0.2519228160381317
0.24609620869159698
0.25270700454711914
0.24754710495471954
0.25423866510391235
0.26140615344047546
0.25838205218315125
0.2524249851703644
0.2446202039718628
0.24499055743217468
0.24683022499084473
0.24839821457862854
0.2543143630027771
0.2499076873064041
0.24465596675872803
0.24557410180568695
0.25507545471191406
0.25228193402290344
0.24339257180690765
0.24236279726028442
0.24910376965999603
0.24041742086410522
0.23963379859924316
0.24840211868286133
0.236855611205101
0.24465306103229523
0.24131658673286438
0.2431471347808838
0.2587105929851532
0.2519802153110504
0.2502054274082184
0.24773168563842773
0.24602767825126648
0.2472049742937088
0.2493317425251007
0.2518220543861389
0.24607476592063904
0.24197019636631012
0.2399263232946396
0.2456042468547821
0.24278537929058075
0.2404012382030487
0.24283525347709656
0.2400922179222107
0.23844587802886963
0.23681016266345978
0.23606406152248383
0.23817090690135956
0.2421867549419403
0.2425287365913391
0.23773232102394104
0.23560602962970734
0.2389823943376541
0.24585695564746857
0.24210143089294434
0.23422296345233917
0.243650421500206
0.2366216778755188
0.23600168526172638
0.2395268976688385
0.24067442119121552
0.23896156251430511
0.2439243495464325
0.23175323009490967
0.23020274937152863
0.23271027207374573
0.23441459238529205
0.236589714884758
0.2353520691394806
0.23558677732944489
0.23310746252536774
0.2364613264799118
0.23842710256576538
0.23521843552589417
0.23681505024433136
0.23413696885108948
0.22945734858512878
0.2317511886358261
0.23604927957057953
0.23110584914684296
0.23912779986858368
0.23271547257900238
0.23517067730426788
0.23294517397880554
0.22618041932582855
0.23260195553302765
0.22864067554473877
0.2268953174352646
0.23622258007526398
0.22834917902946472
0.22760963439941406
0.2311154007911682
0.23035085201263428
0.2265598326921463
0.22583167254924774
0.2324099987745285
0.22952799499034882
0.22428680956363678
0.23135854303836823
0.22396646440029144
0.23070791363716125
0.22404791414737701
0.22748160362243652
0.22934840619564056
0.2287752628326416
0.23079560697078705
0.2331216037273407
0.22563064098358154
0.22743766009807587
0.22677002847194672
0.22474133968353271
0.2253224104642868
0.2233361452817917
0.22525577247142792
0.22523044049739838
0.22589237987995148
0.2246636599302292
0.22652043402194977
0.22558192908763885
0.2236510068178177
0.22147516906261444
0.22184042632579803
0.22297820448875427
0.23398903012275696
0.21769310534000397
0.22707632184028625
0.21937482059001923
0.22376875579357147
0.22001111507415771
0.21800470352172852
0.22406494617462158
0.22111421823501587
0.2249799221754074
0.21896789968013763
0.2179500162601471
0.22569628059864044
0.22015337646007538
0.2184159755706787
0.21662692725658417
0.22879977524280548
0.21821999549865723
0.2164604365825653
0.22018882632255554
0.22116786241531372
0.2244592159986496
0.22267957031726837
0.2170526087284088
0.22297637164592743
0.21918995678424835
0.21836978197097778
0.21644467115402222
0.22216717898845673
0.21551910042762756
0.22091953456401825
0.2175690233707428
0.2137460857629776
0.2136169970035553
0.2129846066236496
0.21661797165870667
0.2148444950580597
0.2157716453075409
0.21646229922771454
0.2122853547334671
0.21691857278347015
0.2157794088125229
0.21351943910121918
0.2140999287366867
0.21353554725646973
0.21271966397762299
0.2176874577999115
0.20966079831123352
0.21180738508701324
0.21641242504119873
0.2175273299217224
0.21049457788467407
0.21366004645824432
0.21243686974048615
0.20915158092975616
0.21328526735305786
0.21073812246322632
0.21421149373054504
0.21512718498706818
0.20945928990840912
0.20991376042366028
0.21700361371040344
0.21152262389659882
0.21579161286354065
0.20774854719638824
0.21367502212524414
0.21217672526836395
0.2087598592042923
0.22036311030387878
0.20714625716209412
0.21311281621456146
0.20459343492984772
0.21515129506587982
0.21223272383213043
0.2121209353208542
0.20431824028491974
0.21020087599754333
0.2095695436000824
0.21507662534713745
0.2123923897743225
0.2134132832288742
0.2091331034898758
0.21522146463394165
0.2111869901418686
0.2046797126531601
0.20399628579616547
0.20883211493492126
0.20800356566905975
0.2013286054134369
0.2024584859609604
0.2099602073431015
0.20510686933994293
0.21507690846920013
0.20757938921451569
0.2033534198999405
0.2075069397687912
0.20479564368724823
0.20345723628997803
0.2042907029390335
0.20933927595615387
0.20483897626399994
0.20464110374450684
0.21259860694408417
0.2037036269903183
0.2032211720943451
0.20292668044567108
0.20599304139614105
0.20659488439559937
0.20194222033023834
0.20205079019069672
0.20351074635982513
0.20630212128162384
0.20366981625556946
0.20173493027687073
0.20779938995838165
0.2047656923532486
0.20399224758148193
0.20546020567417145
0.20092953741550446
0.20054635405540466
0.20166993141174316
0.203715518116951
0.2040720283985138
0.19987830519676208
0.20254282653331757
0.2041301727294922
0.20160026848316193
0.2040645182132721
0.2025657296180725
0.2063731551170349
0.2036183625459671
0.2030590921640396
0.20050710439682007
0.20307011902332306
0.20544922351837158
0.20116248726844788
0.19606082141399384
0.19931812584400177
0.20268230140209198
0.20562678575515747
0.19940879940986633
0.2008756697177887
0.2004823088645935
0.20223623514175415
0.19999289512634277
0.20123231410980225
0.20079441368579865
0.2006407082080841
0.19516028463840485
0.20371082425117493
0.20062191784381866
0.20013180375099182
0.19973638653755188
0.20339049398899078
0.1986905038356781
0.20049211382865906
0.2001638263463974
0.19870266318321228
0.19647341966629028
0.1996839940547943
0.19974321126937866
0.19941100478172302
0.1967470496892929
0.20541176199913025
0.20137111842632294
0.1986071914434433
0.20239992439746857
0.19756725430488586
0.19910477101802826
0.19498978555202484
0.19477850198745728
0.19920149445533752
0.19914434850215912
0.19865883886814117
0.19685648381710052
0.1958599090576172
0.19848869740962982
0.19637130200862885
0.1972179263830185
0.199832484126091
0.19870106875896454
0.19945764541625977
0.19748926162719727
0.19690287113189697
0.19466489553451538
0.20227596163749695
0.1977497637271881
0.19843344390392303
0.19261862337589264
0.2011852264404297
0.19755199551582336
0.19870586693286896
0.19088861346244812
0.1961124688386917
0.19774861633777618
0.1961715668439865
0.19908317923545837
0.1941920816898346
0.1984594464302063
0.19606873393058777
0.1981259286403656
0.19508670270442963
0.20042558014392853
0.19327880442142487
0.19287896156311035
0.19374549388885498
0.19403354823589325
0.19984111189842224
0.19618123769760132
0.19673706591129303
0.19657348096370697
0.19267839193344116
0.1969001591205597
0.1957886964082718
0.19771777093410492
0.20362737774848938
0.1953364908695221
0.18932999670505524
0.1974010318517685
0.19789235293865204
0.19611957669258118
0.19561024010181427
0.19097213447093964
0.19755233824253082
0.19483035802841187
0.20139215886592865
0.1976420134305954
0.1986895352602005
0.19175292551517487
0.19528090953826904
0.19291700422763824
0.20018954575061798
