5.301496505737305
4.668508052825928
3.686352252960205
3.288928508758545
3.0433366298675537
2.8350398540496826
2.5976405143737793
2.323833703994751
1.989221453666687
1.615651249885559
1.2296967506408691
0.8513787388801575
0.5746584534645081
0.4097002148628235
0.2968519926071167
0.2217303067445755
0.17604289948940277
0.1438041627407074
0.11953601241111755
0.10247650742530823
0.08826015889644623
0.07638739794492722
0.06756690889596939
0.06081297621130943
0.055717017501592636
0.05018644034862518
0.04484935477375984
0.04089146479964256
0.03850903362035751
0.03519715741276741
0.03249429538846016
0.030457843095064163
0.0280387494713068
0.027953902259469032
0.026545492932200432
0.02465602569282055
0.023737559095025063
0.02218588814139366
0.021552972495555878
0.020429162308573723
0.0196806900203228
0.019226975739002228
0.018309615552425385
0.017446432262659073
0.016820570454001427
0.015904460102319717
0.015291018411517143
0.015248123556375504
0.015710342675447464
0.01531765516847372
0.014166725799441338
0.014213453978300095
0.013782398775219917
0.013317220844328403
0.012640676461160183
0.012196029536426067
0.012180127203464508
0.012071400880813599
0.012217835523188114
0.011749200522899628
0.010838896967470646
0.011346139945089817
0.011164229363203049
0.010532212443649769
0.010163987055420876
0.011182939633727074
0.010325349867343903
0.010455978102982044
0.010211380198597908
0.009967504069209099
0.009974146261811256
0.010266655124723911
0.010026944801211357
0.01019563153386116
0.009098246693611145
0.009463109076023102
0.008839978836476803
0.008632210083305836
0.008641175925731659
0.0085267573595047
0.00884308386594057
0.008324939757585526
0.008380509912967682
0.008308862335979939
0.008199488744139671
0.007980887778103352
0.007814839482307434
0.007945580407977104
0.0077156866900622845
0.008948744274675846
0.00838590320199728
0.008165753446519375
0.009006024338304996
0.008045652881264687
0.0077139269560575485
0.007277586963027716
0.007283675018697977
0.009121720679104328
0.007637909613549709
0.007409142795950174
0.007470321375876665
0.0069951871410012245
0.006878325249999762
0.006860409397631884
0.007365760393440723
0.007006107829511166
0.006622552406042814
0.006424318999052048
0.006276469677686691
0.006346469279378653
0.006765295285731554
0.007832313887774944
0.007954809814691544
0.007158168125897646
0.006793432869017124
0.006471663247793913
0.0063190157525241375
0.006014734506607056
0.006161527708172798
0.005926113575696945
0.005648546852171421
0.005687862168997526
0.005857863929122686
0.0060525089502334595
0.005807720590382814
0.0059009878896176815
0.0056786141358315945
0.0061417631804943085
0.006200492847710848
0.005926663521677256
0.005694888997823
0.005657773464918137
0.005308246240019798
0.0054191057570278645
0.005358884111046791
0.0054604411125183105
0.005381230730563402
0.0052370852790772915
0.005075451452285051
0.005057374481111765
0.005126241594552994
0.00506637804210186
0.00508062494918704
0.00522006256505847
0.005695026367902756
0.006360724102705717
0.0055037857964634895
0.005478788632899523
0.005417601205408573
0.0063232420943677425
0.005947635043412447
0.005495578981935978
0.005410411860793829
0.005191522650420666
0.004981926642358303
0.0049753254279494286
0.005138704553246498
0.005167463328689337
0.004747358616441488
0.00481988163664937
0.004601777531206608
0.004903886467218399
0.004778529051691294
0.004704170394688845
0.004735914990305901
0.004764990881085396
0.004614769481122494
0.0049316128715872765
0.0051430100575089455
0.004787832498550415
0.004927831701934338
0.005456868559122086
0.0048018344677984715
0.004606717266142368
0.004612358752638102
0.004496319219470024
0.004558810964226723
0.004537246655672789
0.005205655936151743
0.00491768354550004
0.00445044320076704
0.0046150172129273415
0.004349874798208475
0.004532177466899157
0.0046225786209106445
0.0044536832720041275
0.0043805791065096855
0.004372304305434227
0.004562579095363617
0.004191547632217407
0.004432186484336853
0.004529448226094246
0.004312620498239994
0.004016820807009935
0.004412853624671698
0.004451765213161707
0.004076114855706692
0.004457319155335426
0.004166894592344761
0.004129649139940739
0.0040935492143034935
0.004074634052813053
0.004173434805124998
0.004262110218405724
0.0040641603991389275
0.004130525980144739
0.004603910725563765
0.005259817000478506
0.006021094508469105
0.00674277963116765
0.006139948032796383
0.005098504014313221
0.0048753004521131516
0.004759715870022774
0.0064972941763699055
0.004810565151274204
0.004693991970270872
0.004570236429572105
0.00424881000071764
0.004206490702927113
0.0040442440658807755
0.004055927041918039
0.004054097458720207
0.004330177325755358
0.0043195378966629505
0.004039537627249956
0.003922343719750643
0.00395464152097702
0.003892961423844099
0.004032220225781202
0.003930212929844856
0.0040579321794211864
0.004022939130663872
0.004094735253602266
0.003970244899392128
0.006170324049890041
0.00754624092951417
0.005690477322787046
0.004968504887074232
0.004549775738269091
0.004378932993859053
0.004147569183260202
0.004463869612663984
0.004103874787688255
0.0042610326781868935
0.004127451218664646
0.004351702053099871
0.004083138890564442
0.00408686650916934
0.004431544803082943
0.004320204257965088
0.00426345132291317
0.0047194454818964005
0.004556937143206596
0.004583791363984346
0.005286032799631357
0.005243371706455946
0.005047001875936985
0.0048098391853272915
0.00416113855317235
0.004093714989721775
0.0040342435240745544
0.003992726560682058
0.003759704763069749
0.003724643960595131
0.003993752878159285
0.0038559159729629755
0.003954604268074036
0.003733299905434251
0.0037410904187709093
0.003633698681369424
0.0037649201694875956
0.0036772058811038733
0.0035807506646960974
0.0036575505509972572
0.004375464748591185
0.006206837948411703
0.007326412480324507
0.005436546169221401
0.0052829524502158165
0.0049398732371628284
0.004257314372807741
0.003975340165197849
0.004150621592998505
0.003888343460857868
0.004013884346932173
0.0039016278460621834
0.0037245596759021282
0.003778313286602497
0.0038555352948606014
0.0038470476865768433
0.0040591140277683735
0.003990007098764181
0.0038605141453444958
0.003794013988226652
0.0037721816916018724
0.0038397465832531452
0.0036161576863378286
0.0036278406623750925
0.003768640337511897
0.006286567077040672
0.006857748609036207
0.005170951131731272
0.004668151494115591
0.004416128620505333
0.004194088280200958
0.004138656426221132
0.004760446026921272
0.0048102717846632
0.00420638220384717
0.003939373884350061
0.0037936721928417683
0.003924831282347441
0.003819191362708807
0.004004727117717266
0.00372598459944129
0.0036712719593197107
0.003623419441282749
0.0036344826221466064
0.003425993025302887
0.003566865809261799
0.003503916785120964
0.003651360748335719
0.005205524619668722
0.0036399844102561474
0.0037861603777855635
0.0036236767191439867
0.0037158976774662733
0.003790146205574274
0.003686310024932027
0.0035025193355977535
0.0035100632812827826
0.0034676918294280767
0.00341270980425179
0.0034948131069540977
0.0034262267872691154
0.0032899503130465746
0.0034473882988095284
0.003494241973385215
0.003389916382730007
0.003506096312776208
0.003619399154558778
0.0034817575942724943
0.0033943268936127424
0.0033515910618007183
0.003309950465336442
0.003230517031624913
0.003341172356158495
0.0035382257774472237
0.003411872312426567
0.003527530701830983
0.003550704102963209
0.0035023586824536324
0.003479662351310253
0.0035406022798269987
0.0038483666721731424
0.003664619754999876
0.0033380810637027025
0.0033242986537516117
0.0035147296730428934
0.0033798234071582556
0.003413899103179574
0.0038028222043067217
0.003675232408568263
0.003786572488024831
0.003562383586540818
0.0035668688360601664
0.003479455132037401
0.0035671968944370747
0.0033984703477472067
0.0038964974228292704
0.0038753736298531294
0.0037539212498813868
0.003372748149558902
0.0035114441998302937
0.0034688140731304884
0.0033684754744172096
0.003246049862354994
0.003412574762478471
0.00338601297698915
0.003177274251356721
0.0034691670443862677
0.0035548696760088205
0.003463535103946924
0.0033309604041278362
0.003369350219145417
0.0034403037279844284
0.0033186073414981365
0.0033405248541384935
0.003239570651203394
0.0030995900742709637
0.0033982014283537865
0.003597511909902096
0.003613331587985158
0.0036277109757065773
0.0035210466012358665
0.0033625985961407423
0.003529282519593835
0.0032135264482349157
0.003308800980448723
0.0031950026750564575
0.0032188815530389547
0.0031625295523554087
0.003192021045833826
0.0032955226488411427
0.0031159063801169395
0.003230723552405834
0.003058941103518009
0.0031595509499311447
0.003140011802315712
0.0031349582131952047
0.003160353982821107
0.0033594390843063593
0.004108674358576536
0.0038286242634058
0.003761551808565855
0.004116771277040243
0.0034221038222312927
0.003563088597729802
0.0034934151917696
0.0033956835977733135
0.0033647301606833935
0.003235280280932784
0.00314040738157928
0.0032459821086376905
0.0030905434396117926
0.0031194628681987524
0.003151058917865157
0.003044729819521308
0.0031115820165723562
0.003191346535459161
0.003126926487311721
0.003065709723159671
0.00307289301417768
0.0031922515481710434
0.003295190166682005
0.0031381265725940466
0.0031588717829436064
0.0031797708943486214
0.002995705232024193
0.003119422821328044
0.002893073484301567
0.003067668294534087
0.0032019929494708776
0.003162291133776307
0.0030219662003219128
0.002991447923704982
0.0030662657227367163
0.0031154979951679707
0.003172303317114711
0.003041447140276432
0.003189994255080819
0.0031292769126594067
0.0030233561992645264
0.003140426706522703
0.0031052527483552694
0.002979667391628027
0.002932431874796748
0.0029335932340472937
0.002935943426564336
0.0028958290349692106
0.0030445402953773737
0.0029226753395050764
0.0029429804999381304
0.0028880040626972914
0.002966869156807661
0.002854918362572789
0.002947899978607893
0.0029911245219409466
0.003049199702218175
0.002865495393052697
0.0029793414287269115
0.004301133099943399
0.0038695025723427534
0.003733095247298479
0.003322324249893427
0.0032528562005609274
0.0032346758525818586
0.003091001883149147
0.0031610766891390085
0.003127140225842595
0.002980103949084878
0.003069560509175062
0.003126561176031828
0.0030734434258192778
0.0030585089698433876
0.003045071382075548
0.0030577974393963814
0.0030081758741289377
0.0029986442532390356
0.0028594653122127056
0.0029865491669625044
0.002964270068332553
0.002886600326746702
0.0029449881985783577
0.002962305909022689
0.0030721223447471857
0.0029705632477998734
0.002899180632084608
0.003059478709474206
0.0029544983990490437
0.0030007639434188604
0.0027743875980377197
0.002878077095374465
0.0027771343011409044
0.002923633437603712
0.0030127924401313066
0.002948860637843609
0.0029475220944732428
0.0030435482040047646
0.003247150918468833
0.0031519110780209303
0.0029210748616605997
0.0029612972866743803
0.002930818824097514
0.0030350787565112114
0.002988215070217848
0.0028363103047013283
0.0028860841412097216
0.0029482597019523382
0.0029896621126681566
0.002923913300037384
0.002908742753788829
0.0029024851974099874
0.002876340178772807
0.0028909777756780386
0.002919709077104926
0.0030267059337347746
0.0028516892343759537
0.002887751441448927
0.002825518837198615
0.0027939919382333755
0.0028849542140960693
0.002923550782725215
0.0027529390063136816
0.0028124391101300716
0.002769225975498557
0.0028304848819971085
0.0028204622212797403
0.0027532116509974003
0.0028166058473289013
0.0027974694967269897
0.0028272052295506
0.0027254431042820215
0.0026273441035300493
0.0027729684952646494
0.002793337218463421
0.0027825492434203625
0.002816568361595273
0.002937369979918003
0.0029074575286358595
0.0029837528709322214
0.0027409689500927925
0.002838170388713479
0.0028135913889855146
0.002824069233611226
0.0031369496136903763
0.003547040978446603
0.003226631786674261
0.0032236785627901554
0.0029505437705665827
0.003003956750035286
0.002991832559928298
0.0030651793349534273
0.0028871630784124136
0.0029078873340040445
0.0029106608126312494
0.002923213178291917
0.0028109000995755196
0.0028066132217645645
0.0028350474312901497
0.0027945057954639196
0.002824948402121663
0.002674079965800047
0.0027891972567886114
0.002776241861283779
0.002675687661394477
0.002724256133660674
0.0027205627411603928
0.0027149601373821497
0.0026953655760735273
0.0027475079987198114
0.002709981519728899
0.0025639268569648266
0.0027634056750684977
0.0026587839238345623
0.002668510191142559
0.002694567898288369
0.002744859317317605
0.0027525147888809443
0.0026672696694731712
0.0026129959151148796
0.0029359906911849976
0.0030026312451809645
0.003321401309221983
0.003117483342066407
0.0029408633708953857
0.002971854293718934
0.0029295901767909527
0.0027466847095638514
0.0028758118860423565
0.0027022110298275948
0.0028392071835696697
0.002770999213680625
0.002708651125431061
0.0027944708708673716
0.002671661088243127
0.0028180081862956285
0.0026859408244490623
0.002702617784962058
0.0027157822623848915
0.0026973814237862825
0.0026390671264380217
0.002668999368324876
0.0028656390495598316
0.003162599168717861
0.002882215427234769
0.00290324236266315
0.002820066874846816
0.0028305163141340017
0.002698980737477541
0.0026670615188777447
0.002810730366036296
0.002793052466586232
0.0026865762192755938
0.0026684582699090242
0.002673814073204994
0.002751172985881567
0.0025539908092468977
0.0027520540170371532
0.0027000578120350838
0.0026492257602512836
0.002628687070682645
0.0028266804292798042
0.0026821871288120747
0.0025313717778772116
0.0025688628666102886
0.0026452282909303904
0.0026324514765292406
0.0026015902403742075
0.0025878611486405134
0.0026326028164476156
0.0027238696347922087
0.002542709233239293
0.002626674482598901
0.0025153430178761482
0.0025662125553935766
0.002627916866913438
0.002636100398376584
0.002559491666033864
0.0025937650352716446
0.0025697473902255297
0.002570545068010688
0.00261673959903419
0.0026302176993340254
0.002741842297837138
0.0025085394736379385
0.0025132964365184307
0.0026808823458850384
0.0025921871419996023
0.0026105146389454603
0.0026265408378094435
0.0025498433969914913
0.0024711284786462784
0.0024740470107644796
0.0025978332851082087
0.0025084943044930696
0.0025466694496572018
0.0026867943815886974
0.0026279191952198744
0.0025226350408047438
0.0024641200434416533
0.0025918586179614067
0.002550656208768487
0.002562490291893482
0.0025600360240787268
0.0025045687798410654
0.0025304360315203667
0.002573347417637706
0.002552654128521681
0.0025811316445469856
0.0025252250488847494
0.002634605159983039
0.0025356377009302378
0.0025611172895878553
0.0025700090918689966
0.002509560901671648
0.0025288211181759834
0.0024581695906817913
0.002479509450495243
0.0025977473706007004
0.0025967094115912914
0.0024060027208179235
0.0025797695852816105
0.002461019204929471
0.0024269798304885626
0.0025955636519938707
0.002530609257519245
0.0025505030062049627
0.002653145929798484
0.0025183174293488264
0.002476923167705536
0.002530755242332816
0.002608342794701457
0.0024415350053459406
0.0023616414982825518
0.002484446158632636
0.0025891009718179703
0.002513280138373375
0.0024645356461405754
0.0025121273938566446
0.00245176674798131
0.0025380621664226055
0.002424625912681222
0.002461218275129795
0.002495689783245325
0.002442628610879183
0.002465650672093034
0.0025110074784606695
0.002561099361628294
0.0025379452854394913
0.0024109610822051764
0.0025196331553161144
0.0025073986034840345
0.0024810773320496082
0.002491357736289501
0.002441819990053773
0.002627042355015874
0.002504372503608465
0.0024220843333750963
0.002428297186270356
0.002450493862852454
0.002529848599806428
0.00252926186658442
0.0024759015068411827
0.002364862011745572
0.0025319638662040234
0.002518880181014538
0.002458389615640044
0.0024357829242944717
0.002431247616186738
0.002453969791531563
0.002445249119773507
0.002483646385371685
0.0025110000278800726
0.002513923915103078
0.0024346953723579645
0.0024852603673934937
0.002482365118339658
0.0025080086197704077
0.0024461080320179462
0.00239938055165112
0.0024844661820679903
0.0023934468626976013
0.002414475893601775
0.002371008275076747
0.002435085130855441
0.0023706252686679363
0.0023017001803964376
0.0024849933106452227
0.0024364248383790255
0.002392561873421073
0.0023584747686982155
0.002488532802090049
0.0024854301009327173
0.0024348644074052572
0.002345127984881401
0.00243167020380497
0.002398722106590867
0.0023596424143761396
0.0024658425245434046
0.002358333906158805
0.0023296710569411516
0.002391758607700467
0.0023645302280783653
0.0023791086860001087
0.002411727560684085
0.002343655563890934
0.002448171377182007
0.0023452877067029476
0.002418279414996505
0.002466626465320587
0.0023252745158970356
0.0023558437824249268
0.0024170323740690947
0.002425775397568941
0.00239597843028605
0.002382927807047963
0.0024643419310450554
0.0024200265761464834
0.0023762474302202463
0.002454411471262574
0.002306697890162468
0.0024122032336890697
0.002430875087156892
0.002420679898932576
0.0023762299679219723
0.0024270762223750353
0.002367618726566434
0.0024309472646564245
0.0023782539647072554
0.0023904938716441393
0.002425272949039936
0.0024318459909409285
0.0023542314302176237
0.002441161312162876
0.0023405938409268856
0.0024317000061273575
0.0023707090876996517
0.0023069316521286964
0.00255947676487267
0.002314214129000902
0.0023532297927886248
0.0023395505268126726
0.002325094770640135
0.0023347409442067146
0.002433076035231352
0.0023616624530404806
0.0023238195572048426
0.0023840549401938915
0.0022990480065345764
0.002309799427166581
0.0022838886361569166
0.0023303865455091
0.002307698130607605
0.002293515019118786
0.0022882346529513597
0.0022277759853750467
0.002232491970062256
0.0023575068917125463
0.0021901908330619335
0.002330964896827936
0.0023388920817524195
0.0023559625260531902
0.0023431871086359024
0.002405883278697729
0.0023805072996765375
0.002310451352968812
0.002355949953198433
0.0022927832324057817
0.002283482113853097
0.002296598395332694
0.002360470360144973
0.0023347551468759775
0.002366849221289158
0.002295323181897402
0.002303851768374443
0.0022714021615684032
0.0023598987609148026
0.0022931727580726147
0.002393854083493352
0.0022949734702706337
0.002321870531886816
0.002279635751619935
0.0023136709351092577
0.002323684049770236
0.0023539254907518625
0.0023707356303930283
0.0023088334128260612
0.002339659258723259
0.0023077530786395073
0.002313620410859585
0.002358384430408478
0.002307266928255558
0.00231033843010664
0.002352959243580699
0.0023233743850141764
0.0022751500364392996
0.00230701663531363
0.0023030813317745924
0.0022921974305063486
0.0023085258435457945
0.00239942641928792
0.0023079400416463614
0.002273427788168192
0.002300232881680131
0.0023026864510029554
0.0023383530788123608
0.002220801543444395
0.002278630156069994
0.002435502829030156
0.0022159810177981853
0.002305203815922141
0.0022791761439293623
0.0022472976706922054
0.002325737848877907
0.0023305686190724373
0.0022634752094745636
0.0023333593271672726
0.002370404079556465
0.0023689281661063433
0.0022953643929213285
0.0022798324935138226
0.002242277842015028
0.002199673093855381
0.002341107465326786
0.0023147929459810257
0.002291932236403227
0.002306324429810047
0.0023351015988737345
0.0023452735040336847
0.0023238584399223328
0.0022059769835323095
0.0022358810529112816
0.0022173805627971888
0.0022816548589617014
0.0022993467282503843
0.002327960217371583
0.002195526845753193
0.0023435268085449934
0.002244005212560296
0.002259486122056842
0.002275432227179408
0.0022706405725330114
0.002293651457875967
0.0022410904057323933
0.0022115728352218866
0.002238187473267317
0.0022772361990064383
0.002332639880478382
0.0023225380573421717
0.0023305118083953857
0.002246757736429572
0.002324099652469158
0.0023020978551357985
0.0023322911001741886
0.002298046136274934
0.002346485387533903
0.0022214758209884167
0.0023265769705176353
0.0023236488923430443
0.002318207873031497
0.0023023507092148066
0.002235425403341651
0.0022381620947271585
0.0022792990785092115
0.0022649287711828947
0.002322839805856347
0.002290488453581929
0.0022973427549004555
0.0024109443183988333
0.0023160020355135202
0.0023246826604008675
0.002196564106270671
0.0022020090837031603
0.002277849707752466
0.0023192702792584896
0.002317944075912237
0.0023432960733771324
0.0022534115705639124
0.0023260414600372314
0.0022646815050393343
0.0023253338877111673
0.002263367176055908
0.002215011278167367
0.0023204844910651445
0.00227190088480711
0.002288444899022579
0.002314494689926505
0.002284797839820385
0.0022677516099065542
0.0022607475984841585
0.0022689648903906345
0.0022860125172883272
0.002236505737528205
0.002293725498020649
0.0022731139324605465
0.002253519371151924
0.0022584933321923018
0.002284060698002577
0.0021968709770590067
0.002308790571987629
0.002239868976175785
0.002267655450850725
0.0023095523938536644
0.0023560214322060347
0.0023088890593498945
0.0023415181785821915
0.002228167373687029
0.002273069228976965
0.0022163386456668377
0.0022009876556694508
0.0023244800977408886
0.002304673660546541
0.0021915750112384558
0.0022441050969064236
0.002186255296692252
0.0022131409496068954
0.0021917002741247416
0.0022645187564194202
0.0022301895078271627
0.0022138862404972315
0.0022126405965536833
0.002183281583711505
0.002276576589792967
0.0022741099819540977
0.0021676665637642145
0.0022202718537300825
0.002374514937400818
0.002253064652904868
