5.314580917358398
5.189399719238281
4.596993446350098
4.180234909057617
3.843393087387085
3.6012473106384277
3.4355452060699463
3.294956922531128
3.202691078186035
3.093141555786133
3.0213921070098877
2.9267702102661133
2.88340163230896
2.811593770980835
2.7695956230163574
2.683847427368164
2.621088981628418
2.557070732116699
2.5006580352783203
2.4357922077178955
2.3892178535461426
2.318179130554199
2.2628841400146484
2.217306613922119
2.162565231323242
2.0854272842407227
2.019055128097534
1.9572393894195557
1.886266827583313
1.8306204080581665
1.7551958560943604
1.6844244003295898
1.6239365339279175
1.5603232383728027
1.4945976734161377
1.4237415790557861
1.372641921043396
1.3124818801879883
1.2442066669464111
1.1916193962097168
1.1348226070404053
1.0670948028564453
1.0243504047393799
0.9715059399604797
0.9161413908004761
0.8818889856338501
0.829203724861145
0.7733207941055298
0.7262457013130188
0.6877830028533936
0.6508987545967102
0.6121540665626526
0.5756537318229675
0.547615110874176
0.5148997902870178
0.48451530933380127
0.46190232038497925
0.4370860755443573
0.41372060775756836
0.3914094567298889
0.3713913559913635
0.35332658886909485
0.33241045475006104
0.3180384635925293
0.30303090810775757
0.28944605588912964
0.2752947509288788
0.266371488571167
0.2510957419872284
0.24232275784015656
0.23223519325256348
0.2235412448644638
0.21468189358711243
0.20577846467494965
0.19952665269374847
0.19380757212638855
0.1828332394361496
0.17671823501586914
0.17147333920001984
0.16838955879211426
0.15830212831497192
0.15414705872535706
0.14700745046138763
0.1426471471786499
0.13842788338661194
0.1319534182548523
0.1323452889919281
0.1261015683412552
0.12139588594436646
0.11799006909132004
0.11544384062290192
0.11499474942684174
0.10995391011238098
0.10484933853149414
0.10368527472019196
0.09812808036804199
0.09625343978404999
0.09358111768960953
0.09444987028837204
0.08981730788946152
0.08850577473640442
0.08531343936920166
0.08593574911355972
0.0816856175661087
0.07901822030544281
0.07792294025421143
0.07489456236362457
0.07463165372610092
0.0732639953494072
0.07080823183059692
0.06906174123287201
0.06788769364356995
0.065850630402565
0.06531544774770737
0.06235504895448685
0.0619058832526207
0.06072474271059036
0.059115827083587646
0.05803221836686134
0.05683668702840805
0.05523029714822769
0.053446028381586075
0.05467851459980011
0.051946353167295456
0.05235573276877403
0.05146780610084534
0.04948772117495537
0.048475053161382675
0.04827684909105301
0.04715779796242714
0.04683532193303108
0.04617457836866379
0.04421192407608032
0.043852873146533966
0.04307267442345619
0.04340739548206329
0.04178636893630028
0.040407609194517136
0.03973047435283661
0.03878745436668396
0.03941180557012558
0.03999778628349304
0.03862777352333069
0.03834583982825279
0.03762750327587128
0.039022840559482574
0.03818428888916969
0.03636210784316063
0.035395730286836624
0.03465830162167549
0.034651778638362885
0.03458739444613457
0.03347073867917061
0.0336591899394989
0.03246978297829628
0.03356017917394638
0.031730931252241135
0.030838171020150185
0.03069312497973442
0.030753251165151596
0.02965794876217842
0.02997957170009613
0.028750810772180557
0.029154067859053612
0.029115021228790283
0.02930452674627304
0.027880193665623665
0.028904175385832787
0.027740253135561943
0.02676883153617382
0.02695881947875023
0.026860753074288368
0.026156216859817505
0.02598457597196102
0.025648076087236404
0.02509806677699089
0.02626671828329563
0.0253173615783453
0.024335620924830437
0.024526461958885193
0.023709768429398537
0.024048928171396255
0.023359287530183792
0.023619279265403748
0.022765539586544037
0.02447296306490898
0.02247680351138115
0.02208547666668892
0.02262069471180439
0.0218136478215456
0.02235354669392109
0.021918194368481636
0.02174830436706543
0.0209518875926733
0.020921729505062103
0.02091982215642929
0.020387370139360428
0.021220756694674492
0.02029658481478691
0.02031962014734745
0.020671840757131577
0.01991432160139084
0.020027559250593185
0.02023952081799507
0.01937977224588394
0.0197368822991848
0.020093142986297607
0.01961580291390419
0.019241880625486374
0.0188922006636858
0.019564302638173103
0.018793541938066483
0.01881011389195919
0.018905842676758766
0.018502721562981606
0.019065989181399345
0.018258998170495033
0.01798274926841259
0.01765461079776287
0.018260212615132332
0.01720358058810234
0.01752893067896366
0.017081184312701225
0.017146632075309753
0.01701454073190689
0.01712857373058796
0.017069488763809204
0.016714690253138542
0.01650579832494259
0.01636425405740738
0.01635764166712761
0.01646692305803299
0.016402851790189743
0.01561240665614605
0.016078628599643707
0.016145357862114906
0.015926210209727287
0.01567774824798107
0.015923015773296356
0.01546587236225605
0.015372972004115582
0.015420762822031975
0.01537701953202486
0.015446748584508896
0.015125835314393044
0.015435479581356049
0.01549495942890644
0.014799314551055431
0.015152879990637302
0.015020884573459625
0.01453135535120964
0.014310783706605434
0.014219142496585846
0.014787294901907444
0.014328903518617153
0.014044642448425293
0.014445779845118523
0.014262746088206768
0.014192011207342148
0.013948164880275726
0.013987496495246887
0.01396992802619934
0.013941650278866291
0.013405964709818363
0.013468002900481224
0.01408448163419962
0.01376943476498127
0.014228944666683674
0.013215258717536926
0.014818934723734856
0.013821820728480816
0.014391127973794937
0.014484468847513199
0.013185636140406132
0.013319463469088078
0.013509691692888737
0.012762103229761124
0.013354835100471973
0.013814590871334076
0.012609263882040977
0.013128611259162426
0.012705445289611816
0.01268041506409645
0.012614781968295574
0.0125045794993639
0.012778064236044884
0.012562007643282413
0.012823239900171757
0.012113765813410282
0.013461308553814888
0.013200227171182632
0.013176070526242256
0.01267843134701252
0.012403590604662895
0.012668066658079624
0.012373927980661392
0.012347286567091942
0.012197272852063179
0.012625431641936302
0.012528395280241966
0.012410460039973259
0.012954995036125183
0.011887459084391594
0.011525677517056465
0.011881809681653976
0.011923806741833687
0.011499212123453617
0.01186301652342081
0.01160256564617157
0.011245649307966232
0.011273627169430256
0.01137449499219656
0.0116131491959095
0.011180355213582516
0.01198484841734171
0.011009062640368938
0.011835942044854164
0.01137892808765173
0.011220097541809082
0.010874541476368904
0.011087627150118351
0.010843422263860703
0.01111137680709362
0.010654760524630547
0.010293853469192982
0.010759216733276844
0.011109549552202225
0.010903967544436455
0.01101820170879364
0.011093584820628166
0.010440763086080551
0.010572468861937523
0.010438436642289162
0.010530229657888412
0.010438783094286919
0.010597256012260914
0.010482324287295341
0.010839247144758701
0.010286984033882618
0.010568327270448208
0.010930665768682957
0.010397473350167274
0.010183995589613914
0.010754838585853577
0.010341479443013668
0.010080055333673954
0.010150589048862457
0.009881258010864258
0.010449896566569805
0.010187534615397453
0.010640395805239677
0.010033843107521534
0.010163490660488605
0.01081753708422184
0.010510249994695187
0.010287407785654068
0.010366472415626049
0.00953675527125597
0.009951943531632423
0.010579514317214489
0.009981460869312286
0.010009534657001495
0.009679017588496208
0.009940721094608307
0.009528299793601036
0.0095503069460392
0.009870482608675957
0.00983578059822321
0.010187285952270031
0.009969618171453476
0.010562224313616753
0.010161354206502438
0.009914557449519634
0.009517109952867031
0.010195765644311905
0.009751813486218452
0.010256901383399963
0.00953561533242464
0.009697915986180305
0.00955132395029068
0.009057534858584404
0.009694409556686878
0.009870930574834347
0.00952086690813303
0.00971063319593668
0.01013622060418129
0.009305661544203758
0.009674184024333954
0.009480811655521393
0.009311612695455551
0.009004221297800541
0.009580990299582481
0.00939861312508583
0.009230016730725765
0.009506787173449993
0.008930101990699768
0.009255780838429928
0.00990768801420927
0.009294098243117332
0.009510827250778675
0.008915054611861706
0.009255941025912762
0.009109915234148502
0.008857319131493568
0.009195763617753983
0.008566626347601414
0.008935917168855667
0.008502073585987091
0.008712437935173512
0.008931882679462433
0.008916692808270454
0.009053098037838936
0.009319336153566837
0.008957560174167156
0.009001975879073143
0.008719430305063725
0.008436974138021469
0.00879641156643629
0.009171265177428722
0.009212558157742023
0.008878879249095917
0.008740399032831192
0.008737374097108841
0.008315268903970718
0.008788389153778553
0.008751146495342255
0.008205989375710487
0.009230080991983414
0.008306303061544895
0.008149126544594765
0.008636519312858582
0.008501725271344185
0.00858366023749113
0.008404193446040154
0.009287752211093903
0.008761701174080372
0.008385875262320042
0.008723398670554161
0.008667591959238052
0.008727708831429482
0.00903092697262764
0.008844556286931038
0.008713367395102978
0.009598804637789726
0.00855413731187582
0.008884085342288017
0.00851930771023035
0.008618324063718319
0.008694642223417759
0.008885474875569344
0.008907634764909744
0.008428582921624184
0.008531823754310608
0.008190847001969814
0.008828563615679741
0.008461272343993187
0.008571146056056023
0.008447953499853611
0.008145971223711967
0.008370116353034973
0.007795864716172218
0.008300657384097576
0.00850868970155716
0.008540884591639042
0.007870592176914215
0.008147920481860638
0.007880543358623981
0.008208691142499447
0.00816798023879528
0.007937490940093994
0.007925216108560562
0.0079142851755023
0.008098182268440723
0.0077647012658417225
0.008205767720937729
0.008034711703658104
0.007997577078640461
0.008169815875589848
0.007914555259048939
0.008494401350617409
0.008357888087630272
0.007895725779235363
0.00781514123082161
0.007723724469542503
0.008410288020968437
0.007722300942987204
0.007737493142485619
0.008185704238712788
0.007930859923362732
0.007751963566988707
0.00726288091391325
0.007611393928527832
0.007853870280086994
0.007291585672646761
0.007596597541123629
0.007899387739598751
0.007841058075428009
0.00765877915546298
0.007620630785822868
0.007687755860388279
0.007629541680216789
0.007748623378574848
0.007233781740069389
0.007945955730974674
0.007516312412917614
0.00821524765342474
0.008106009103357792
0.0076403263956308365
0.007841560989618301
0.007649174891412258
0.007532644085586071
0.007657322101294994
0.007204496767371893
0.007406594697386026
0.007317889481782913
0.007703849580138922
0.007750513963401318
0.0075658285059034824
0.007375935558229685
0.007664745673537254
0.008040877059102058
0.007597034797072411
0.008167942985892296
0.0074664875864982605
0.007908931002020836
0.007499624043703079
0.007666487712413073
0.007899876683950424
0.00711459293961525
0.007419085595756769
0.007673453073948622
0.007483631372451782
0.00785228330641985
0.008083594031631947
0.007361760828644037
0.007222955115139484
0.006957246456295252
0.007905994541943073
0.007575171533972025
0.007536902092397213
0.007435445208102465
0.0073704952374100685
0.007445964030921459
0.0071060145273804665
0.007177920080721378
0.007337427698075771
0.007584197912365198
0.007129565812647343
0.007280368357896805
0.007365242578089237
0.0073096128180623055
0.007716586347669363
0.007153984159231186
0.007387090474367142
0.007667913567274809
0.0072590382769703865
0.007188895717263222
0.007037579081952572
0.007373779080808163
0.0072583542205393314
0.007042671088129282
0.007373274769634008
0.0071014040149748325
0.007029409985989332
0.00690468680113554
0.00722456444054842
0.007013433612883091
0.007440374232828617
0.006738511845469475
0.0071612028405070305
0.006920500658452511
0.007036780472844839
0.007508505135774612
0.007164524868130684
0.007142862770706415
0.007331633474677801
0.006866668350994587
0.007166416849941015
0.007247854024171829
0.007760806940495968
0.00715785613283515
0.007225015200674534
0.0067302570678293705
0.006668220739811659
0.007000216282904148
0.007177325896918774
0.0069937980733811855
0.007113978266716003
0.0069774603471159935
0.006832287646830082
0.006738094612956047
0.007148848846554756
0.007333178073167801
0.006641981657594442
0.007313483860343695
0.006894295569509268
0.006990125402808189
0.007291312329471111
0.006860265973955393
0.00691517349332571
0.007050518877804279
0.007842537015676498
0.00704630883410573
0.006778547074645758
0.00696428120136261
0.006601518485695124
0.006553487852215767
0.007219812832772732
0.006597080267965794
0.0066542900167405605
0.0068945009261369705
0.006769141182303429
0.0065190354362130165
0.006542321294546127
0.007027945481240749
0.006638870574533939
0.006807425059378147
0.0070985774509608746
0.006832655519247055
0.007040712051093578
0.006495587527751923
0.00646858150139451
0.007035728078335524
0.006824227049946785
0.0067382873967289925
0.007043788209557533
0.00687060272321105
0.006949486676603556
0.006321019493043423
0.006884913891553879
0.007006930187344551
0.006728413049131632
0.0065995557233691216
0.0070405700244009495
0.006595860235393047
0.006309519987553358
0.006555682979524136
0.006744936108589172
0.006637536454945803
0.006681758910417557
0.006562488153576851
0.00678969593718648
0.006743514910340309
0.006357633974403143
0.006862879730761051
0.006306162104010582
0.006454004440456629
0.006691604852676392
0.006653158459812403
0.0066459146328270435
0.0066311596892774105
0.006370821502059698
0.006778188049793243
0.00700450548902154
0.006615443155169487
0.00671576289460063
0.006453581620007753
0.006189566105604172
0.0069920276291668415
0.0069657862186431885
0.0065688807517290115
0.006884345784783363
0.00667541241273284
0.0063389805145561695
0.0061317142099142075
0.00653592124581337
0.006343687418848276
0.00650189770385623
0.006767259910702705
0.006709530018270016
0.0061618611216545105
0.00624261936172843
0.00640358030796051
0.00642318045720458
0.006270627491176128
0.006405300926417112
0.006303164176642895
0.007187419570982456
0.008067661896348
0.008074872195720673
0.0072381687350571156
0.007596608716994524
0.007870132103562355
0.007202683947980404
0.007404217962175608
0.006990728434175253
0.006947933230549097
0.00666989479213953
0.0064672669395804405
0.0063224188052117825
0.006475340574979782
0.006572525482624769
0.006197916343808174
0.00647144066169858
0.006400772370398045
0.006266987416893244
0.0067842816933989525
0.006250729784369469
0.006569502875208855
0.006500791292637587
0.006180289201438427
0.006396537646651268
0.006597421132028103
0.006674266420304775
0.006251330487430096
0.006035776808857918
0.00618249736726284
0.006461502984166145
0.0065894220024347305
0.006111044902354479
0.0062082563526928425
0.006242353469133377
0.00620832247659564
0.006088604219257832
0.006227302830666304
0.006564127281308174
0.006498732604086399
0.006354223005473614
0.006259320769459009
0.00669277086853981
0.006191414315253496
0.005944500677287579
0.0061457809060812
0.0063061825931072235
0.006100637838244438
0.0066045839339494705
0.006173292174935341
0.006614377722144127
0.006141410209238529
0.006077174562960863
0.006163257174193859
0.006207495462149382
0.006294887512922287
0.006404681596904993
0.0062738945707678795
0.006110495887696743
0.006328776013106108
0.006590127944946289
0.006085814908146858
0.006013757549226284
0.0061966730281710625
0.006274818908423185
0.0060748141258955
0.0062254550866782665
0.006311435252428055
0.006041144486516714
0.0061216955073177814
0.0061475969851017
0.005887383595108986
0.006067019887268543
0.005968849640339613
0.006000003311783075
0.006287984549999237
0.005932386498898268
0.006184926722198725
0.006092525087296963
0.006166927982121706
0.006135817617177963
0.005920483265072107
0.005983205046504736
0.006168851163238287
0.005981618072837591
0.005820998456329107
0.00622078962624073
0.006236482411623001
0.006020503118634224
0.005765111651271582
0.005947635509073734
0.006131778471171856
0.006178067997097969
0.006202146876603365
0.006086454261094332
0.006083444692194462
0.006208525039255619
0.005989770404994488
0.005683356896042824
0.006336222402751446
0.00596731249243021
0.006178681738674641
0.005592212080955505
0.006559557281434536
0.006318938452750444
0.006033036857843399
0.006050540134310722
0.005924818571656942
0.006241459399461746
0.0063669076189398766
0.006082141771912575
0.006312776356935501
0.005840427707880735
0.005985135678201914
0.006324753165245056
0.00594636145979166
0.005932239815592766
0.005899817682802677
0.006327594164758921
0.005882909055799246
0.005899366457015276
0.005997702479362488
0.0063539789989590645
0.00605140021070838
0.005915354937314987
0.0062029738910496235
0.006077613215893507
0.005953898187726736
0.006306764204055071
0.005888497456908226
0.0059071313589811325
0.005906888283789158
0.006060587242245674
0.006346328184008598
0.005725625902414322
0.0059447092935442924
0.005915618501603603
0.005841134116053581
0.00577982934191823
0.006262637674808502
0.005907113663852215
0.006273678503930569
0.006324399262666702
0.005820208229124546
0.005794235039502382
0.00616465276107192
0.005991120357066393
0.006066922098398209
0.005716836079955101
0.005718454252928495
0.005594164133071899
0.00545307993888855
0.00605319207534194
0.005628966260701418
0.00588087597861886
0.005894665606319904
0.005781647749245167
0.005905089899897575
0.006123793311417103
0.005808728281408548
0.005532260052859783
0.0059980046935379505
0.005649220198392868
0.00607086718082428
0.005918309558182955
0.005798716098070145
0.005948876496404409
0.0057929810136556625
0.00603893119841814
0.006487163715064526
0.005950830411165953
0.005856506526470184
0.005697833374142647
0.0058726053684949875
0.0057204607874155045
0.005757006350904703
0.005965525284409523
0.006057566963136196
0.005696427077054977
0.005836113356053829
0.006024395115673542
0.006089827977120876
0.006133158691227436
0.005856870207935572
0.005810539238154888
0.005811458453536034
0.005654331296682358
0.005811832845211029
0.005623937118798494
0.005835277959704399
0.005986359436064959
0.005610377993434668
0.005842893850058317
0.005949081387370825
0.0060121361166238785
0.005893080960959196
0.005828223656862974
0.005854608491063118
0.005927287042140961
0.00588298449292779
0.006257803179323673
0.0055578164756298065
0.0059127360582351685
0.005994451232254505
0.00586633151397109
0.0058608283288776875
0.005583968944847584
0.005741559900343418
0.005556347779929638
0.006250256672501564
0.0057982271537184715
0.005870696622878313
0.006040840409696102
0.006336384918540716
0.005733338650316
0.005747251678258181
0.005608671344816685
0.005749120377004147
0.005689116194844246
0.005812241695821285
0.0059521375223994255
0.005568853113800287
0.005965953227132559
0.005714350380003452
0.005964843090623617
0.005572833586484194
0.005512804724276066
0.005568719934672117
0.005724846385419369
0.006077665835618973
0.006029671058058739
0.005687509197741747
0.0059952945448458195
0.005609583109617233
0.005553863011300564
0.005731888115406036
0.005802053026854992
0.00589741813018918
0.0056405700743198395
0.005609084852039814
0.005498629063367844
0.005708027631044388
0.006082608830183744
0.005800774320960045
0.005807750858366489
0.0056072198785841465
0.00578605942428112
0.0058898283168673515
0.00574703561142087
0.006101624574512243
0.006142841652035713
0.005755557678639889
0.005879116244614124
0.006163543090224266
0.0058547984808683395
0.005793215241283178
0.005890984088182449
0.005717269144952297
0.005733794532716274
0.005404673051089048
0.005808927118778229
0.005671242251992226
0.005690114106982946
0.005893981084227562
0.006045449525117874
0.006048174109309912
0.005586928687989712
0.005494417157024145
0.005995646584779024
0.006166163366287947
0.005776373203843832
0.00557023286819458
0.0058713131584227085
0.005919057875871658
0.005730420351028442
0.005781957414001226
0.005651748273521662
0.0055047012865543365
0.005661122500896454
0.005648509599268436
0.005714504048228264
0.005693643819540739
0.005793774966150522
0.005690535996109247
0.00593566196039319
0.005582052748650312
0.005819323007017374
0.005815308075398207
0.005689478479325771
0.005658003967255354
0.005606317892670631
0.005556083749979734
0.005602844059467316
0.0056866309605538845
0.00634783785790205
0.005433711688965559
0.006003326270729303
0.006038738414645195
0.005813504569232464
0.005721390713006258
0.00580533966422081
0.005555417854338884
0.0057469080202281475
0.0055598909966647625
0.005485611967742443
0.005897721741348505
0.005487823858857155
0.005525162443518639
0.00586222717538476
0.005602456163614988
0.005657514091581106
0.005750999785959721
0.006055776495486498
0.005507307127118111
0.005752790253609419
0.005774208344519138
0.005590039771050215
0.005766998045146465
0.0058310311287641525
0.005581080447882414
0.005715211387723684
0.005787649657577276
0.005605404265224934
