6.361432361602783
6.252283000946045
5.340804958343506
4.707331752777099
4.3211366653442385
4.038048887252808
3.851097059249878
3.7206764698028563
3.588172101974487
3.4830984592437746
3.3668615341186525
3.2772350788116453
3.1669500350952147
3.061668586730957
2.951523447036743
2.8293670654296874
2.7373804092407226
2.618958759307861
2.510680818557739
2.3882309436798095
2.290162706375122
2.164593720436096
2.0440724372863768
1.9303372621536254
1.8210119485855103
1.7076194524765014
1.5867383480072021
1.4974515676498412
1.389822506904602
1.2813740491867065
1.1809379577636718
1.0885888576507567
0.9993480682373047
0.9171066999435424
0.8404616117477417
0.7707504749298095
0.7100375771522522
0.6514237880706787
0.5978107750415802
0.54910609126091
0.5049005806446075
0.46423264741897585
0.4307012379169464
0.3991676867008209
0.3698726773262024
0.3432602882385254
0.32101349234580995
0.29919189810752866
0.2815922975540161
0.2660683184862137
0.24999333620071412
0.23431791365146637
0.2221960574388504
0.209904482960701
0.1986072689294815
0.1876912832260132
0.1786444067955017
0.16920854151248932
0.16306234002113343
0.1565241187810898
0.147723788022995
0.14073144048452377
0.13653410524129866
0.12893538177013397
0.12324757725000382
0.11930594146251679
0.11484556049108505
0.10896700769662857
0.10599259287118912
0.10105550885200501
0.10077524036169053
0.10365192294120788
0.09732873290777207
0.09132665991783143
0.08725130707025527
0.0832900732755661
0.08043170869350433
0.07817039042711257
0.07422706335783005
0.07265970185399055
0.070329649746418
0.06819924041628837
0.06572754308581352
0.06432704254984856
0.062201107293367384
0.060261315852403644
0.05925387814640999
0.05817648246884346
0.055010754615068436
0.05395059660077095
0.05288563817739487
0.05134369507431984
0.050602571666240694
0.048799775540828705
0.04770576059818268
0.047362488508224485
0.04607895687222481
0.04443374574184418
0.043605320155620575
0.042580322921276094
0.04161597713828087
0.041114916652441026
0.040167605876922606
0.0389368075877428
0.03835184499621391
0.038246437162160876
0.0372616671025753
0.036508734151721
0.03560576029121876
0.03474058546125889
0.03435418084263801
0.03394371941685677
0.033586255833506586
0.03285123594105244
0.032702652364969255
0.03194485306739807
0.03126573786139488
0.030931476131081583
0.029972564801573752
0.029485270753502844
0.028496168553829193
0.02861051969230175
0.027697626501321793
0.02812836952507496
0.027257976680994035
0.026668645069003107
0.026656671613454818
0.0262953195720911
0.025917427986860274
0.025398151576519014
0.025711535662412643
0.025082926079630852
0.024939560145139695
0.024125848710536957
0.025274697691202164
0.02491101175546646
0.02415805496275425
0.023260536417365075
0.023348183557391166
0.02315025292336941
0.02285885512828827
0.022002435475587844
0.022173116356134413
0.02118690088391304
0.021994878724217414
0.021595631539821625
0.021442541480064393
0.020816073939204215
0.020664976537227632
0.02048590760678053
0.020420386269688607
0.02005096971988678
0.01988010611385107
0.019403373636305333
0.020108677819371222
0.019297321140766144
0.019135221466422082
0.018766716681420804
0.018662551790475844
0.018973794020712375
0.018422280438244343
0.017789150401949883
0.017915220372378825
0.01796602588146925
0.017302107810974122
0.017465057596564294
0.016769113764166833
0.017307830043137074
0.01682111155241728
0.016685514710843563
0.016954455897212027
0.016842343285679816
0.016789153590798377
0.016170202009379863
0.01609869543462992
0.016051721945405006
0.016208801977336408
0.0156294884160161
0.0162592189386487
0.01564152128994465
0.015538571402430534
0.015351772494614124
0.015597044862806797
0.015337992645800113
0.015013549104332924
0.014678484015166759
0.014886360056698323
0.014583434537053108
0.014518803916871548
0.014748354628682136
0.014458623901009559
0.014539354294538499
0.014485433138906956
0.014231373555958271
0.014039643108844757
0.014072085544466973
0.014063674956560135
0.013979756273329258
0.013999061286449432
0.013890351913869382
0.013764689303934574
0.013901229575276374
0.013574327528476714
0.013587654754519462
0.013173400796949864
0.01350343246012926
0.013122262433171272
0.013272852636873722
0.01320893969386816
0.013285679183900357
0.013170653581619262
0.013334819674491882
0.013076749257743358
0.012859259359538555
0.012913151271641254
0.012735092267394065
0.012555046193301677
0.012423964962363244
0.012636237777769566
0.011994820088148117
0.012458764389157296
0.012621070072054864
0.012901164405047894
0.012880120426416397
0.012504568323493004
0.012353017367422581
0.011885587498545647
0.011835568398237229
0.012003655731678008
0.011796299368143082
0.011590524949133396
0.011656048335134983
0.011513864621520042
0.01163802370429039
0.01163793932646513
0.011229274049401283
0.011384355649352074
0.011525164172053338
0.011237052828073501
0.011352938413619996
0.011050597578287125
0.010984124429523946
0.01131554488092661
0.011231436766684056
0.011189160868525505
0.011286706104874611
0.010805905051529407
0.010788594745099545
0.010667600855231284
0.010814485885202885
0.010752074606716632
0.010760164447128772
0.010682589374482632
0.010635185427963734
0.010390576720237733
0.010529033560305833
0.010481369961053134
0.010567560233175755
0.010572825744748115
0.0104652751237154
0.010441448539495468
0.010229834914207458
0.01027580238878727
0.009889087919145823
0.010138270631432533
0.010144560225307941
0.010416544508188963
0.010089543275535106
0.009665944427251816
0.009992271289229393
0.009783364646136761
0.009882795438170434
0.009994872007519006
0.009980597998946905
0.009656707476824521
0.009885616414248944
0.009924851078540086
0.009748054575175047
0.009564093314111233
0.009713546372950077
0.009547390509396791
0.009507342427968978
0.009442819748073816
0.009208033978939056
0.009356441628187894
0.009567346796393395
0.009356948919594288
0.009187437687069177
0.009061412513256073
0.009182320814579726
0.009321360383182764
0.00899026645347476
0.009119381941854954
0.009364335797727108
0.009328503999859095
0.009124052338302135
0.009095835406333208
0.008960509300231933
0.00891227163374424
0.008850192837417125
0.008964263275265694
0.009024317841976881
0.008696508966386319
0.008612408488988876
0.00897530373185873
0.008830563258379697
0.008792454097419976
0.008785305358469487
0.008609389048069715
0.008279791567474604
0.008531278185546397
0.008531521260738372
0.008326634764671326
0.00846137823536992
0.008296456094831229
0.008364740200340748
0.008315095771104097
0.00828789696097374
0.00823083184659481
0.008483078703284264
0.00890407022088766
0.008697210159152747
0.008651681896299123
0.00868844436481595
0.00842900462448597
0.008227105718106031
0.008122235536575317
0.008147537149488926
0.008212433569133282
0.00797363156452775
0.00791177861392498
0.00795990340411663
0.007914004661142827
0.007868842221796513
0.0077419552952051164
0.007912463508546352
0.00776272164657712
0.008029618300497532
0.007589002139866352
0.007702996302396059
0.007618489488959312
0.007592088356614113
0.007746412511914968
0.0075861306861042975
0.007711781654506922
0.007619962655007839
0.007693110685795546
0.00773364482447505
0.007560783438384533
0.007788428291678429
0.007671462371945381
0.007521569542586803
0.007635045889765024
0.007371134404093027
0.007223955634981394
0.007431325502693653
0.007378367986530065
0.007492084987461567
0.007229834049940109
0.006980753969401121
0.007361682876944542
0.00736085195094347
0.007308808155357838
0.007140046264976263
0.007421545684337616
0.007402942143380642
0.007194212451577186
0.007349565532058478
0.007266278564929962
0.007332660350948572
0.006941839400678873
0.007131551951169967
0.007131260260939598
0.0072141895070672035
0.007029566448181868
0.006993155740201473
0.006986864563077688
0.007001083809882402
0.0073596670292317866
0.007073665410280228
0.007056968566030264
0.006784082483500242
0.006887973472476006
0.007169003039598465
0.006980694737285376
0.006965814344584942
0.006877560541033745
0.007082839868962765
0.006802874244749546
0.0069005066528916355
0.0070321056060493
0.0069746172055602075
0.0069639110006392
0.006985217519104481
0.007342126686125994
0.007051779422909021
0.006924886256456375
0.006960182636976242
0.006973265577107668
0.006767373438924551
0.007076382357627154
0.006981722917407751
0.007059172540903091
0.006744934152811766
0.006913874298334122
0.006875992100685835
0.006650969292968512
0.006631544511765242
0.0066753305494785305
0.006705393735319376
0.006748393457382917
0.006551741436123848
0.006525639723986387
0.006616083346307278
0.006539046764373779
0.006673525087535381
0.006377376988530159
0.006647743284702301
0.006569898780435323
0.006508924998342991
0.006569591909646988
0.006533727142959833
0.006580171175301075
0.006707359291613102
0.006613959465175867
0.0064698362722992895
0.006610031891614199
0.006508696172386408
0.006278993375599384
0.006396505702286959
0.006447283085435629
0.00653924560174346
0.006215448584407568
0.006402014847844839
0.006499959994107485
0.006534870527684688
0.006518083810806275
0.006380713079124689
0.00652647390961647
0.006262327544391155
0.006366909202188254
0.0063669663853943344
0.006158346123993397
0.006387903261929751
0.006436488777399063
0.006160555593669415
0.006326422933489085
0.006183965783566237
0.006441973429173231
0.006189328711479902
0.006244495045393705
0.006106292083859444
0.00624538017436862
0.006157143879681826
0.006148488353937864
0.0062171963043510916
0.006242836080491543
0.006307241972535849
0.006068862788379192
0.0064397967420518395
0.006146086659282446
0.006257031485438347
0.00592822590842843
0.006232750415802002
0.006120712496340275
0.006172934174537658
0.0061408039182424545
0.006098671443760395
0.006228993367403746
0.006081473082304001
0.006052783131599427
0.006088429968804121
0.006081556342542172
0.006136925704777241
0.006020201183855533
0.006027008220553398
0.006105470564216375
0.006217467878013849
0.006118492688983679
0.005983822047710419
0.005958225857466459
0.0058527179062366486
0.0058647171594202515
0.005999250989407301
0.005959800258278847
0.0059063582681119445
0.005982014443725347
0.006087513733655214
0.005781171470880508
0.0058420030400156975
0.006073701102286578
0.00598372844979167
0.00602698465809226
0.006059793010354042
0.005861834436655044
0.005886559467762708
0.006027750857174397
0.005942665226757527
0.005838083196431398
0.005990448500961065
0.005781057756394148
0.00581063125282526
0.005850488226860762
0.005914574116468429
0.005859515722841024
0.005720697529613972
0.005764207430183887
0.005847068596631288
0.005936807207763195
0.005843399465084076
0.005821883399039507
0.005574124120175839
0.005730768106877804
0.005926880147308111
0.005705162044614553
0.00571033270098269
0.005647177901118993
0.00573057010769844
0.005701311305165291
0.005594848562031985
0.005807747505605221
0.005735782068222761
0.005757183395326137
0.005710538197308779
0.005606251955032349
0.005800718627870083
0.005685021821409464
0.00596483051776886
0.0056142379529774186
0.005718921031802893
0.00589057533070445
0.005676340125501156
0.005493711493909359
0.005737878195941448
0.005510061699897051
0.005608940217643976
0.005597364995628596
0.005762660317122937
0.005546452291309833
0.005832787230610847
0.005497072916477918
0.005536079406738281
0.005683511681854725
0.005582226160913706
0.005725336913019419
0.005693992972373963
0.005531078111380339
0.00553306881338358
0.005540748778730631
0.005743545107543468
0.005579051561653614
0.005544171761721372
0.005572393164038658
0.005526853445917368
0.005599227175116539
0.005627365037798882
0.0055709839798510075
0.005631613545119762
0.005530936922878027
0.005532360589131713
0.005648057721555233
0.005554993823170662
0.005342602077871561
0.005368607211858034
0.00555603327229619
0.0056876841932535175
0.005473473016172648
0.005470948573201895
0.005550398491322994
0.005476804124191404
0.005386508069932461
0.0054732455871999265
0.005460562324151397
0.005468242429196834
0.005386951752007008
0.0053919097408652306
0.005504705011844635
0.00539274225011468
0.005502601154148579
0.005429747421294451
0.005324006453156472
0.005382700730115176
0.005320698395371437
0.005399872269481421
0.005191501276567578
0.005518924538046121
0.005385570880025625
0.00551183819770813
0.0052775724325329065
0.005514187645167113
0.005386744160205126
0.005474610626697541
0.005376947764307261
0.0054160637315362695
0.005296067427843809
0.005389479920268059
0.0054158206097781655
0.005336257256567478
0.005239605996757745
0.0052437549456954
0.005191602604463696
0.0053068309556692835
0.005223750881850719
0.005047612311318517
0.005180066823959351
0.005284622218459845
0.005240442231297493
0.005184400361031294
0.005257986485958099
0.005370612116530537
0.005339595256373286
0.005145261809229851
0.0052299447357654575
0.005394786596298218
0.005411554267629981
0.00521338488906622
0.005332378298044204
0.005315523874014616
0.0053508573211729525
0.005412106961011886
0.005216516181826591
0.005154201947152615
0.005371897201985121
0.0051269592251628636
0.005161362094804644
0.005141314258798957
0.005340397823601961
0.005172592215240001
0.005231563514098525
0.00516441110521555
0.005298152007162571
0.00518315932713449
0.005295929964631796
0.005232906341552735
0.00515563040971756
0.005215329118072987
0.005144521920010447
0.005109419487416745
0.005225746892392635
0.005241605266928673
0.005189366545528174
0.004970690980553627
0.0051258007064461705
0.0052196051925420765
0.005195275414735079
0.005080218892544508
0.005191391101107001
0.004915627371519804
0.004961806489154697
0.005214292742311955
0.005090022133663297
0.005110192112624645
0.005095425201579929
0.005236891657114029
0.005118341837078333
0.005050762183964252
0.004983648471534252
0.005190341547131538
0.005164031917229295
0.005088088661432266
0.004992762859910726
0.005049698194488883
0.005093833152204752
0.00508701684884727
0.005001382390037179
0.005001289257779718
0.005159334279596806
0.00509260967373848
0.005157315777614713
0.005145560996606946
0.005078369658440352
0.004955592192709446
0.0050889777950942515
0.005069608800113201
0.005018205381929874
0.005220010876655579
0.005162529973313212
0.005027278838679194
0.004756193235516548
0.004876669589430093
0.004913246724754572
0.004919539717957377
0.0049422761425375935
0.0049328523688018325
0.005004368163645268
0.004946933127939701
0.005052541242912411
0.004947691550478339
0.004859188804402947
0.004821432521566749
0.0048980835359543565
0.004890334932133556
0.005066448077559471
0.0049270249903202055
0.0051328952889889475
0.0048850586637854574
0.0050894984975457195
0.005054384004324675
0.004960238048806786
0.005190743505954743
0.004906991869211197
0.004968163836747408
0.004941753577440977
0.004993483982980251
0.004943158198148012
0.0049736493732780215
0.0047587062232196334
0.004842545092105866
0.0050164887215942144
0.0049618943594396114
0.004959663096815348
0.004967659991234541
0.005041920579969883
0.004870043881237507
0.004774541687220335
0.005063367169350385
0.004901844635605812
0.004801558423787355
0.005086882039904594
0.0049370202701538805
0.005028159217908978
0.004912211745977402
0.004899710463359952
0.004936069203540683
0.004849716369062662
0.004899333836510778
0.00487438659183681
0.0048903557006269695
0.004973592469468713
0.00488791037350893
0.00479629160836339
0.004925784328952432
0.004758954374119639
0.004955296637490392
0.004819474369287491
0.004862237395718694
0.004857350932434201
0.004930248996242881
0.004943373566493392
0.004774222476407885
0.004812284046784044
0.0046746141742914915
0.004920814977958798
0.0049106684047728775
0.004907413804903627
0.005042585451155901
0.004832067154347896
0.004944274760782718
0.005029142834246159
0.0048818584531545636
0.004792519332841039
0.004996576393023133
0.004729488724842667
0.004687758767977357
0.0046090697403997185
0.004752237489446998
0.0047200743574649096
0.004847905784845352
0.004622779414057731
0.004853333253413439
0.004836865840479732
0.004759379057213664
0.004872591979801655
0.0047587099019438025
0.004699874296784401
0.004636101145297289
0.004798814840614796
0.004653966380283236
0.0046476723160594705
0.004711000993847847
0.00469151483848691
0.004706610878929496
0.004700780520215631
0.004624920012429356
0.004689862718805671
0.004754725657403469
0.004677401715889573
0.004687524354085326
0.00473296158015728
0.004535244777798653
0.004661214677616954
0.004702668124809861
0.004732140153646469
0.004722038144245743
0.004667984368279576
0.004726383881643414
0.004697677353397012
0.00462645785883069
0.004774318868294358
0.004605383891612291
0.004660180350765586
0.004521639924496413
0.004637333657592535
0.00468570371158421
0.004630687553435564
0.004706484731286764
0.004679669300094247
0.004837391618639231
0.004781470634043217
0.0047607701271772385
0.004563082475215197
0.004746719961985946
0.0045643427409231664
0.004687651107087731
0.004729438154026866
0.00467870538122952
0.004742893297225237
0.004762890422716737
0.004713390441611409
0.004611887922510505
0.004711242951452732
0.004646680178120732
0.004593491926789284
0.004792268900200724
0.0046735619194805626
0.004600409884005785
0.004686869727447629
0.00460334406234324
0.004528745915740729
0.004738453822210431
0.004703516187146306
0.004551917919889093
0.004685436422005296
0.0046090659685432914
0.004573942441493273
0.004609849024564028
0.004678732482716441
0.0045662606600672005
0.00462602055631578
0.0046399618498980996
0.004538128105923534
0.004436136316508054
0.004443870624527335
0.0047706467099487785
0.004728004522621632
0.004610007908195257
0.004738137032836676
0.004667602526023984
0.004624592186883092
0.004615096841007471
0.00464888121932745
0.004604100529104471
0.004669993044808507
0.00469263456761837
0.0046854502055794
0.004620801797136665
0.004500395245850086
0.004624101053923369
0.004525061929598451
0.004751299973577261
0.004625101201236248
0.004745099227875471
0.0046097786165773865
0.004716657986864448
0.004451066022738814
0.004604403581470251
0.004465949395671487
0.004458064492791891
0.004621981736272573
0.004667004104703665
0.004513222491368651
0.004610743839293718
0.004637066181749106
0.004589755041524768
0.004518295265734195
0.00455221189185977
0.004622746398672462
0.004563198471441865
0.004544552089646459
0.004557472141459584
0.004546962678432465
0.004408635990694165
0.004646135633811355
0.004698459152132272
0.004540794063359499
0.004580627614632249
0.0045854408293962475
0.004461275320500136
0.004484107438474894
0.004524768237024546
0.004417947074398398
0.004573924047872424
0.004528192710131407
0.004565203143283725
0.0046158873476088045
0.0045912296045571566
0.004578014044091106
0.00461677648127079
0.004538222029805183
0.004629351105540991
0.0044470880646258594
0.0046558903064578775
0.0045087323524057865
0.004509445978328586
0.004667432000860572
0.004682892607524991
0.00448962259106338
0.004653256433084607
0.0044468960259109735
0.004531516507267952
0.0046791060827672485
0.004640106577426195
0.0045029075350612405
0.004456732887774706
0.00447286395356059
0.004581106174737215
0.004469633428379893
0.004504225170239806
0.004606012115254998
0.004566141543909908
0.004536846093833447
0.004600909259170294
0.004462544480338693
0.004552866611629724
0.004603682039305568
0.004689850099384785
0.004542206879705191
0.004694821406155824
0.004599869018420577
0.004474327107891441
0.0045183549169451
0.004509382508695125
0.004548048600554466
0.004572606459259987
0.004476558044552803
0.004458847315981984
0.004511216469109058
0.004550047824159265
0.004436241369694472
0.004410989722236991
0.004548860201612115
0.004646254098042845
0.0042918823193758724
0.004524258757010102
0.0046341731678694485
0.004517309274524451
0.00454510347917676
0.0045208641793578865
0.0045418804977089165
0.004480389459058642
0.004503220086917281
0.004493800178170204
0.004507808713242412
0.004396851966157555
0.004531272780150175
0.00467968825250864
0.004511554166674614
0.004550929181277752
0.00467024608515203
0.004487088369205594
0.004572974005714059
0.004557305201888085
0.004551541712135077
0.004522584332153201
0.0044789222534745935
0.004348425520583987
0.004448956344276667
0.0046089253388345245
0.004519206378608942
0.004470598371699453
0.004532974353060127
0.004489813279360533
0.004577320208773017
0.004577784286811948
0.004552185442298651
0.004458961589261889
0.004542278498411179
0.004498714068904519
0.004451024997979403
0.004556701891124249
0.004556350782513619
0.004507442004978657
0.004497413616627454
0.00434923181310296
0.004534862004220486
0.0045582454185932875
0.004531297879293561
0.00443169791251421
0.004618255048990249
0.004509582417085767
0.004354794882237912
0.004566477239131927
0.0044619496911764145
0.0045171296689659355
0.004542634915560484
0.004601952992379666
0.004429017566144467
0.004509711684659123
0.004602220002561807
0.004476318554952741
0.004517311416566372
0.0043846396263688804
0.004583092546090484
0.0044523289427161215
0.004589955229312182
0.004555705888196826
0.00453195720911026
0.00434356490150094
0.00446494878269732
0.0045505873393267395
