5.312629699707031
5.054907321929932
4.003600597381592
3.503307580947876
3.2813384532928467
3.0958502292633057
2.960033893585205
2.826558828353882
2.644575357437134
2.46209454536438
2.2492403984069824
2.0224783420562744
1.8063431978225708
1.5818315744400024
1.3620189428329468
1.1485105752944946
0.967889666557312
0.7952336072921753
0.6401443481445312
0.527079701423645
0.43336209654808044
0.36068394780158997
0.30262240767478943
0.26730555295944214
0.23182573914527893
0.19439683854579926
0.17225317656993866
0.15470372140407562
0.14099596440792084
0.12810465693473816
0.1141539067029953
0.10627392679452896
0.09436362981796265
0.08661144226789474
0.07991097122430801
0.07602693140506744
0.07107403129339218
0.06575802713632584
0.06099575757980347
0.05788677558302879
0.054826684296131134
0.051537685096263885
0.04918701574206352
0.04618104547262192
0.0455164909362793
0.04108523204922676
0.04030993953347206
0.038352709263563156
0.03618970513343811
0.03552927449345589
0.033352188766002655
0.03235294297337532
0.03104148432612419
0.03013463132083416
0.028882190585136414
0.027729230001568794
0.02657824568450451
0.02602270431816578
0.0266250167042017
0.02616003341972828
0.023887140676379204
0.023644208908081055
0.02307516150176525
0.022358285263180733
0.021738126873970032
0.02092299796640873
0.019995233044028282
0.019716495648026466
0.019716065376996994
0.01876772567629814
0.018981928005814552
0.018546363338828087
0.017561830580234528
0.01732800528407097
0.017063474282622337
0.0169716477394104
0.0166197307407856
0.01592121087014675
0.015830321237444878
0.015491715632379055
0.01561665628105402
0.014573481865227222
0.014879767782986164
0.014515060000121593
0.013995341025292873
0.013743537478148937
0.014723573811352253
0.014225621707737446
0.013921348378062248
0.013771496713161469
0.013187187723815441
0.012592805549502373
0.012834163382649422
0.01214331854134798
0.01297956146299839
0.012221507728099823
0.011964569799602032
0.012409876100718975
0.012238726951181889
0.011987126432359219
0.011927931569516659
0.011362512595951557
0.01127158384770155
0.011304007843136787
0.011163954623043537
0.011510438285768032
0.010789195075631142
0.010721034370362759
0.011155453510582447
0.010940112173557281
0.012255547568202019
0.010993147268891335
0.01097146887332201
0.010731196962296963
0.010640229098498821
0.010230986401438713
0.01046664733439684
0.01003994233906269
0.010180051438510418
0.009752289392054081
0.009506494738161564
0.009381634183228016
0.010227754712104797
0.009323696605861187
0.009464430622756481
0.009234928525984287
0.00922496896237135
0.009068827144801617
0.00888022594153881
0.008977540768682957
0.0090512465685606
0.009137206710875034
0.008682926185429096
0.008828981779515743
0.00849007349461317
0.008818808011710644
0.009021571837365627
0.00902239978313446
0.009538793005049229
0.008802225813269615
0.009114244021475315
0.01015802938491106
0.009674959816038609
0.008769849315285683
0.008822200819849968
0.0086772246286273
0.008064622059464455
0.008184907026588917
0.007967179641127586
0.008242049254477024
0.00846362579613924
0.008414794690907001
0.008235140703618526
0.008951244875788689
0.008012163452804089
0.007949509657919407
0.007946648634970188
0.007934696041047573
0.007494939025491476
0.007570487912744284
0.007252042647451162
0.008093011565506458
0.007506490685045719
0.008097282610833645
0.008134325034916401
0.00788126140832901
0.007510647177696228
0.007754486985504627
0.007739130407571793
0.0073316036723554134
0.007595562841743231
0.008474955335259438
0.00878966599702835
0.009347495622932911
0.008513658307492733
0.007946982979774475
0.00771814351901412
0.0073777176439762115
0.0071973479352891445
0.007135886698961258
0.006875575054436922
0.007204586174339056
0.006842690985649824
0.007321363780647516
0.006835137493908405
0.00680361595004797
0.006527372170239687
0.006778873968869448
0.0069206045009195805
0.006476994603872299
0.006673938594758511
0.006507553160190582
0.006593480706214905
0.006341561209410429
0.006469984073191881
0.006444443482905626
0.006068238522857428
0.0064826603047549725
0.006242826115339994
0.006353673059493303
0.006213644985109568
0.006328288931399584
0.0066650486551225185
0.006606620270758867
0.006213792599737644
0.006334982346743345
0.006557759363204241
0.006307558156549931
0.006208278704434633
0.006103593856096268
0.0064506204798817635
0.005861982237547636
0.0059669120237231255
0.005773474462330341
0.006001240108162165
0.006067801732569933
0.005691854748874903
0.005671908613294363
0.005832394119352102
0.005894538015127182
0.005585828330367804
0.005532956216484308
0.005515456665307283
0.005503359250724316
0.005661004688590765
0.00569964898750186
0.005507784895598888
0.005530211608856916
0.00548561243340373
0.0055859507992863655
0.005523453466594219
0.005542225670069456
0.005798071622848511
0.005474047269672155
0.00508993910625577
0.0053725941106677055
0.005102221388369799
0.005077793728560209
0.005128148943185806
0.005054382141679525
0.00515284389257431
0.005143203306943178
0.005408197641372681
0.005206808913499117
0.0049733323976397514
0.004766509868204594
0.005065026227384806
0.004917234182357788
0.00479333708062768
0.005434461869299412
0.0049314191564917564
0.004926871508359909
0.005052049644291401
0.005132770631462336
0.00494161993265152
0.004781734198331833
0.004732263740152121
0.004884613212198019
0.004971194081008434
0.004720800556242466
0.004886735696345568
0.004993417300283909
0.00487886369228363
0.004500485025346279
0.004700424615293741
0.004981142468750477
0.004996625240892172
0.004936366807669401
0.0055268555879592896
0.005277726333588362
0.0057964203879237175
0.008560428395867348
0.008732468821108341
0.007647828198969364
0.007193020544946194
0.006208252161741257
0.005546601023525
0.005446249153465033
0.005391067825257778
0.005270111840218306
0.00552709074690938
0.0051503474824130535
0.004842542577534914
0.004928526468575001
0.004924769047647715
0.0051568481139838696
0.004876574035733938
0.004835913423448801
0.004762489348649979
0.0047662691213190556
0.004878883250057697
0.004853125661611557
0.00447270879521966
0.004623933229595423
0.00457208463922143
0.004646414425224066
0.004586146678775549
0.004442177712917328
0.004428759682923555
0.004516315646469593
0.0048371413722634315
0.005787254776805639
0.005017139948904514
0.00454568350687623
0.00474149826914072
0.004571802448481321
0.004265316296368837
0.004520936869084835
0.004502634983509779
0.004537881817668676
0.004583306610584259
0.00442075077444315
0.004332420416176319
0.004173253197222948
0.0046475655399262905
0.004336274228990078
0.004343630280345678
0.004376493394374847
0.0043827383778989315
0.004247525241225958
0.004233204759657383
0.004513056017458439
0.004379138816148043
0.004105009138584137
0.003943901043385267
0.004157402087002993
0.004440817516297102
0.00423059705644846
0.004729469772428274
0.004637207370251417
0.00421864865347743
0.0041153100319206715
0.004133726470172405
0.00399595545604825
0.0040203589014709
0.003998009487986565
0.0038748732767999172
0.004073783755302429
0.004039217717945576
0.0039893402718007565
0.004152075853198767
0.004160928074270487
0.0040550921112298965
0.0041128722950816154
0.003969457466155291
0.0038181596901267767
0.003725453745573759
0.003911415580660105
0.004114767536520958
0.0039011016488075256
0.003843907732516527
0.0038337695877999067
0.0038776653818786144
0.004030529409646988
0.0038783096242696047
0.00393388606607914
0.004028895404189825
0.003928791265934706
0.003881976706907153
0.004109049215912819
0.003939462825655937
0.0037478532176464796
0.003981324378401041
0.003917884547263384
0.00390403694473207
0.0038981942925602198
0.004003428854048252
0.003919155802577734
0.0039824070408940315
0.0038386627566069365
0.003935760818421841
0.003777152393013239
0.0037374079693108797
0.003554675495252013
0.0038424681406468153
0.003818447468802333
0.0036976856645196676
0.0036509153433144093
0.003932511899620295
0.0038231643848121166
0.0035385526716709137
0.003916531335562468
0.00414746580645442
0.003871931927278638
0.0038431312423199415
0.003874534973874688
0.0038533268962055445
0.0037129612173885107
0.0037998005282133818
0.0037502346094697714
0.0035564603749662638
0.0041846041567623615
0.0038537769578397274
0.0037493505515158176
0.003951296675950289
0.003923907410353422
0.003800582606345415
0.00416973140090704
0.003714622464030981
0.003912076819688082
0.0037411127705127
0.003847292857244611
0.003707989351823926
0.0038931064773350954
0.00438294792547822
0.004887993447482586
0.005642711650580168
0.004730380140244961
0.004182903096079826
0.004133118316531181
0.0038371842820197344
0.0039664763025939465
0.004032553639262915
0.003988080192357302
0.003746745642274618
0.00365251861512661
0.0035861660726368427
0.0036397103685885668
0.004053316544741392
0.003789769485592842
0.0037717404775321484
0.0037425155751407146
0.0036580327432602644
0.003520807484164834
0.003651468316093087
0.003442853456363082
0.003520576748996973
0.003711534198373556
0.00349030620418489
0.0035091082099825144
0.0037510960828512907
0.0035947300493717194
0.0036083224695175886
0.0035568680614233017
0.003591222455725074
0.0036155693233013153
0.0036253933794796467
0.0035589192993938923
0.0036942155566066504
0.0034846810158342123
0.0035030790604650974
0.0034011048264801502
0.003437761915847659
0.003846983890980482
0.0038905139081180096
0.003693370381370187
0.0035929963923990726
0.004010216798633337
0.004948367364704609
0.004344028886407614
0.006158824544399977
0.005974175874143839
0.004924730863422155
0.004436642397195101
0.004259045701473951
0.004178523551672697
0.0038012340664863586
0.0037438087165355682
0.003668758785352111
0.003689397359266877
0.0035516738425940275
0.0036968127824366093
0.003504821565002203
0.003642401425167918
0.0037994589656591415
0.003990739118307829
0.0038303635083138943
0.0037506134249269962
0.00380866602063179
0.003993720281869173
0.003602957585826516
0.003678558859974146
0.0037073888815939426
0.003519882680848241
0.0036101066507399082
0.0034991304855793715
0.0034708157181739807
0.0035928082652390003
0.0037021737080067396
0.003857747418805957
0.003972423728555441
0.003665062366053462
0.003619223367422819
0.0036088440101593733
0.003688735654577613
0.0034111381974071264
0.003484510350972414
0.003719199914485216
0.003584955120459199
0.0034936179872602224
0.0032601524144411087
0.003490550210699439
0.0034681553952395916
0.003274854738265276
0.003410663455724716
0.0034791026264429092
0.0034466187935322523
0.0033740480430424213
0.003314749803394079
0.0034838335122913122
0.0033963709138333797
0.0034257627557963133
0.003049444407224655
0.003332507098093629
0.0031720821280032396
0.0032922213431447744
0.0036585372872650623
0.0035910040605813265
0.0034301145933568478
0.0034568998962640762
0.0034263271372765303
0.003396562533453107
0.0031670888420194387
0.0033270225394517183
0.0032021612860262394
0.003593938425183296
0.0033058244735002518
0.0033352747559547424
0.0034370701760053635
0.0034068103414028883
0.00339526473544538
0.0033747239504009485
0.003353693289682269
0.0032637722324579954
0.003485130611807108
0.0032616984099149704
0.0033749702852219343
0.003520144149661064
0.003228245535865426
0.0032869926653802395
0.0032428058329969645
0.003152713645249605
0.0032277312129735947
0.0033560353331267834
0.003167707473039627
0.0031209313310682774
0.0030969318468123674
0.0034517229069024324
0.003316342830657959
0.003136478131636977
0.0032570145558565855
0.00321872322820127
0.0031834342516958714
0.0030847301241010427
0.0030125027988106012
0.0031066250521689653
0.0031249572057276964
0.0031359160784631968
0.0032873686868697405
0.0034531354904174805
0.0032437362242490053
0.003384661627933383
0.003106389194726944
0.003249505301937461
0.0032078928779810667
0.0032589968759566545
0.003261314705014229
0.003215250326320529
0.0031555811874568462
0.003216166514903307
0.003070211736485362
0.0031875227577984333
0.003094176296144724
0.003119322005659342
0.0031368916388601065
0.003275522729381919
0.0031883956398814917
0.003075081156566739
0.0031049042008817196
0.0030997430440038443
0.0030937993433326483
0.0031858286820352077
0.0030908703338354826
0.002939622849225998
0.003108154283836484
0.00312420935370028
0.0029783525969833136
0.003095038700848818
0.0030695986934006214
0.0030471496284008026
0.0031438886653631926
0.00313203944824636
0.0030947537161409855
0.0028456824366003275
0.00313965929672122
0.0030141512397676706
0.0029969343449920416
0.0030312540475279093
0.0030507587362080812
0.003164775436744094
0.0030817915685474873
0.003198933321982622
0.0033187116496264935
0.003264052327722311
0.0032849551644176245
0.0033194462303072214
0.0037009681109339
0.007187859620898962
0.006187273655086756
0.004927388392388821
0.0046777199022471905
0.004096569959074259
0.004208796191960573
0.004034563433378935
0.0037106932140886784
0.0036801216192543507
0.0035747846122831106
0.003828799119219184
0.003652269719168544
0.0035786789376288652
0.0036544487811625004
0.003624633187428117
0.003291304688900709
0.0033301746007055044
0.003445566864684224
0.0034517773892730474
0.0033204054925590754
0.003417070722207427
0.0032903323881328106
0.0035731245297938585
0.003272459376603365
0.0032321903854608536
0.0032255426049232483
0.0032963366247713566
0.003164895111694932
0.003241236787289381
0.0031708746682852507
0.003287022700533271
0.0029392929282039404
0.0032561549451202154
0.003268884029239416
0.0032623044680804014
0.0034224893897771835
0.003648592857643962
0.0033537517301738262
0.003113136161118746
0.0031890422105789185
0.0037685835268348455
0.005172546952962875
0.004729766398668289
0.004799183923751116
0.004098650999367237
0.0038260184228420258
0.0034892726689577103
0.00360020250082016
0.0032320567406713963
0.0033844481222331524
0.003518998622894287
0.003461353713646531
0.0031758579425513744
0.0032400530762970448
0.003177095204591751
0.003357881447300315
0.003296922193840146
0.0032065503764897585
0.003345127683132887
0.003146409522742033
0.0030981015879660845
0.0033452461939305067
0.003208413952961564
0.0031879409216344357
0.0032225612085312605
0.0032834236044436693
0.003158577950671315
0.003110371297225356
0.0032038174103945494
0.0030487116891890764
0.003154731122776866
0.003511592047289014
0.0032611133065074682
0.0030326605774462223
0.0030299494974315166
0.0031716495286673307
0.0030973327811807394
0.0029764005448669195
0.0030543168541043997
0.002992101479321718
0.0030767847783863544
0.003098770510405302
0.0031948068644851446
0.003221691818907857
0.0030789212323725224
0.0032313235569745302
0.003136666025966406
0.003140844404697418
0.0032288632355630398
0.0030395537614822388
0.0030630414839833975
0.002986745210364461
0.002958150813356042
0.0030256917234510183
0.0031302759889513254
0.0028600243385881186
0.003035167697817087
0.002903619082644582
0.002907210262492299
0.0031634122133255005
0.00302297854796052
0.0031286641024053097
0.0031112555880099535
0.002953188493847847
0.002921805949881673
0.0029573626816272736
0.003045790595933795
0.0028503520879894495
0.0026984058786183596
0.002947203116491437
0.0030879899859428406
0.0030225510708987713
0.002801488619297743
0.0029207002371549606
0.0029446110129356384
0.002978357719257474
0.0028412099927663803
0.0028782484587281942
0.0028784668538719416
0.002924750093370676
0.0028911300469189882
0.0029530238825827837
0.003077897010371089
0.0029794976580888033
0.002831097925081849
0.002935813507065177
0.0029292728286236525
0.0029052547179162502
0.002929318230599165
0.0028694632928818464
0.003159268293529749
0.002922776388004422
0.002807428827509284
0.0028432358521968126
0.002914445474743843
0.002913655014708638
0.0029576742090284824
0.002894643461331725
0.002817308297380805
0.0030706736724823713
0.003147134091705084
0.002871067961677909
0.0029311347752809525
0.0028751292265951633
0.0029100910760462284
0.002924896078184247
0.0029442510567605495
0.003014805493876338
0.002954488852992654
0.0027728844434022903
0.002951196860522032
0.0028593973256647587
0.002876182785257697
0.0028876105789095163
0.0028545150998979807
0.0029454496689140797
0.002813563449308276
0.002869464224204421
0.002760473405942321
0.0027954347897320986
0.002773648127913475
0.0026866889093071222
0.0029635895043611526
0.002821894595399499
0.0028740749694406986
0.002777090296149254
0.0028620432130992413
0.0029434687457978725
0.002874548314139247
0.0027155037969350815
0.00285339611582458
0.0027731165755540133
0.0027512020897120237
0.0028556485194712877
0.002699917182326317
0.0027047519106417894
0.00278117205016315
0.002783688483759761
0.002778395311906934
0.0028273931238800287
0.0027114306576550007
0.0028544298838824034
0.0027206488884985447
0.0027884894516319036
0.002882567932829261
0.0027018734253942966
0.0027401442639529705
0.002716443734243512
0.0027612571138888597
0.0028051999397575855
0.0028051792178303003
0.0028614201582968235
0.0027912722434848547
0.0028133257292211056
0.0028502263594418764
0.002701005432754755
0.0027995803393423557
0.002785179065540433
0.0028268552850931883
0.002737608039751649
0.0028301740530878305
0.0027764402329921722
0.0028719641268253326
0.0028319640550762415
0.0027780397795140743
0.0028214934282004833
0.0029178052209317684
0.0027460921555757523
0.0028996046166867018
0.0027398238889873028
0.0028706747107207775
0.0027259723283350468
0.002686471911147237
0.0031336110550910234
0.0027620939072221518
0.0027547457721084356
0.002730714390054345
0.002692298498004675
0.002699542324990034
0.0028294373769313097
0.0028124714735895395
0.0028491117991507053
0.002850955119356513
0.0026599180418998003
0.0026364342775195837
0.0026549850590527058
0.0026979956310242414
0.002766047138720751
0.0027064220048487186
0.0026888062711805105
0.002586694434285164
0.0025918004103004932
0.0028585377149283886
0.002590507036074996
0.002749811625108123
0.0027093631215393543
0.002742554759606719
0.0027269802521914244
0.002854727441444993
0.002774131717160344
0.002666367683559656
0.002766689518466592
0.0026656503323465586
0.0026351050473749638
0.0026653383392840624
0.0027537441346794367
0.0027118385769426823
0.002726744394749403
0.0026376936584711075
0.002688362030312419
0.0027046254836022854
0.002745233941823244
0.002688707085326314
0.0027484579477459192
0.002690807217732072
0.002686144784092903
0.0026911511085927486
0.0027958371210843325
0.0026923734694719315
0.0026993541978299618
0.002728650812059641
0.002744834404438734
0.0027437221724539995
0.0027993719559162855
0.0027141799218952656
0.0027092252857983112
0.0025986030232161283
0.0026526025030761957
0.0027129140216857195
0.0026525650173425674
0.002638168167322874
0.0026886023115366697
0.002665701089426875
0.002606241498142481
0.0026607245672494173
0.0027467363979667425
0.002716952469199896
0.0026344661600887775
0.0026687763165682554
0.0027228558901697397
0.0027437140233814716
0.0025934542063623667
0.0026735104620456696
0.0028296620585024357
0.002569283824414015
0.002754573943093419
0.0026701707392930984
0.0026681851595640182
0.002744981786236167
0.0027123545296490192
0.002612964017316699
0.002747398568317294
0.002736493479460478
0.0029511782340705395
0.002702056197449565
0.0026337471790611744
0.0026548488531261683
0.0025617044884711504
0.0026679604779928923
0.002657084260135889
0.0027971933595836163
0.002607452217489481
0.0026830907445400953
0.0026876870542764664
0.0027207713574171066
0.002567254239693284
0.002584411296993494
0.002595322672277689
0.0026585094165056944
0.0026552113704383373
0.0027160574682056904
0.002590805059298873
0.002719301264733076
0.002571559278294444
0.002633423078805208
0.0026919387746602297
0.00269000930711627
0.0026621033903211355
0.0025952779687941074
0.0025882497429847717
0.0026091118343174458
0.0026938621886074543
0.0029330067336559296
0.0026569103356450796
0.002696048701182008
0.0025754664093255997
0.0027095733676105738
0.002774347783997655
0.002769363345578313
0.0027352762408554554
0.00284039624966681
0.002644208027049899
0.0026681518647819757
0.00268794153816998
0.002769947052001953
0.0026199708227068186
0.00262003717944026
0.002616958227008581
0.00267043337225914
0.0025940712075680494
0.002869825344532728
0.002616159850731492
0.002621309831738472
0.0028668432496488094
0.0028172158636152744
0.0026379588525742292
0.0025118738412857056
0.0025695108342915773
0.002671491354703903
0.0026715132407844067
0.002718707313761115
0.0026722124312072992
0.0026545764412730932
0.00274890149012208
0.00260930135846138
0.002651497023180127
0.002601279178634286
0.0025778417475521564
0.0026302565820515156
0.0026187982875853777
0.0026666170451790094
0.002707992447540164
0.0027384054847061634
0.002649479079991579
0.002552168443799019
0.002640092046931386
0.002637556055560708
0.0025938444305211306
0.0026318507734686136
0.002650362206622958
0.0025738407857716084
0.002608111361041665
0.0026352338027209044
0.002591031836345792
0.0028138230554759502
0.0025648889131844044
0.0027452632784843445
0.0027059426065534353
0.0026818271726369858
0.002677114913240075
0.0027019816916435957
0.0025886420626193285
0.0026425071991980076
0.0025986749678850174
0.0025253884959965944
0.002702209632843733
0.002666010055691004
0.0025371031370013952
0.0025872611440718174
0.0025320383720099926
0.0025680679827928543
0.002547794720157981
0.002663115505129099
0.00258422433398664
0.002547747688367963
0.0025717352982610464
0.0024925123434513807
0.002629555994644761
0.002596660051494837
0.0024867230094969273
0.0025506250094622374
0.0027324031107127666
0.0025909654796123505
