5.319750785827637
5.250842571258545
4.448583126068115
3.884661912918091
3.586529493331909
3.3527886867523193
3.209035634994507
3.093946695327759
2.9793379306793213
2.8727078437805176
2.770897388458252
2.6535661220550537
2.5566980838775635
2.44844651222229
2.349710702896118
2.2255799770355225
2.1090352535247803
2.001105546951294
1.8885358572006226
1.7799993753433228
1.6712818145751953
1.5611460208892822
1.438522219657898
1.3335984945297241
1.2209433317184448
1.1166417598724365
1.0150444507598877
0.934914767742157
0.8453574776649475
0.7643401026725769
0.6948513388633728
0.6264278292655945
0.5702093839645386
0.5143109560012817
0.4701577126979828
0.42537832260131836
0.38950324058532715
0.3592987358570099
0.3255508244037628
0.30339673161506653
0.2773081958293915
0.2561163008213043
0.24124787747859955
0.22604668140411377
0.20912964642047882
0.19917544722557068
0.18451428413391113
0.17015637457370758
0.15866002440452576
0.1499319076538086
0.1442425549030304
0.137224942445755
0.1278405636548996
0.12577953934669495
0.11856060475111008
0.11858909577131271
0.10789614915847778
0.10290124267339706
0.09841801971197128
0.0929131880402565
0.08742230385541916
0.08412861824035645
0.08072531968355179
0.07686345279216766
0.07417625933885574
0.07157234847545624
0.06782412528991699
0.06515727937221527
0.06399662047624588
0.06168602034449577
0.06071946397423744
0.05721381679177284
0.05556134134531021
0.05398857221007347
0.052624914795160294
0.05074090138077736
0.04839782044291496
0.04770814999938011
0.04646410793066025
0.04759589210152626
0.044356074184179306
0.04230712726712227
0.04132682457566261
0.0404534675180912
0.03903210163116455
0.03804413601756096
0.0371624231338501
0.03578248992562294
0.03508923947811127
0.03427126631140709
0.03394819423556328
0.03401533514261246
0.03256780654191971
0.031222974881529808
0.031161796301603317
0.02947426773607731
0.029189901426434517
0.03010615147650242
0.030017586424946785
0.028328191488981247
0.028402838855981827
0.027517082169651985
0.026758698746562004
0.026378821581602097
0.025880826637148857
0.025452081114053726
0.024512622505426407
0.02427525445818901
0.02406744286417961
0.02336152084171772
0.023404596373438835
0.02303313836455345
0.022530725225806236
0.02234775759279728
0.022043971344828606
0.021778512746095657
0.021697014570236206
0.020918073132634163
0.02118651196360588
0.021012574434280396
0.02044442854821682
0.01967121846973896
0.02088700793683529
0.019556131213903427
0.020390139892697334
0.019605685025453568
0.018915493041276932
0.018569838255643845
0.018504751846194267
0.018011102452874184
0.0178479366004467
0.017567334696650505
0.017465442419052124
0.01738518476486206
0.016865825280547142
0.017259789630770683
0.01694280281662941
0.016495302319526672
0.015990622341632843
0.015496875159442425
0.01594928838312626
0.01556327473372221
0.01562541536986828
0.01554880104959011
0.015613002702593803
0.015284099616110325
0.015032125636935234
0.014948906376957893
0.01436171680688858
0.014339640736579895
0.014722761698067188
0.0146622434258461
0.014231167733669281
0.014122801832854748
0.013814953155815601
0.014001824893057346
0.013744533993303776
0.013448567129671574
0.013112968765199184
0.013443239033222198
0.01296610850840807
0.013056397438049316
0.012869393453001976
0.012883574701845646
0.012716666795313358
0.013210686855018139
0.012920725159347057
0.013011286035180092
0.012979148887097836
0.012359806336462498
0.012439883314073086
0.012462790124118328
0.011929935775697231
0.012113617733120918
0.012077034451067448
0.011841459199786186
0.012273507192730904
0.012036512605845928
0.011761528439819813
0.011855840682983398
0.011239591054618359
0.011542117223143578
0.011213741265237331
0.011536886915564537
0.011084012687206268
0.011291337199509144
0.010672475211322308
0.010808080434799194
0.010942825116217136
0.010577583685517311
0.010901027359068394
0.010757575742900372
0.010848202742636204
0.010365741327404976
0.010480092838406563
0.010737605392932892
0.01027597300708294
0.010787712410092354
0.010024814866483212
0.010210809297859669
0.010436528362333775
0.010159277357161045
0.010347451083362103
0.010120763443410397
0.009983396157622337
0.010133451782166958
0.010427964851260185
0.010305678471922874
0.009996847249567509
0.01048183348029852
0.010486331768333912
0.01000763475894928
0.010006912052631378
0.009830771014094353
0.00975366123020649
0.009900880977511406
0.00954744778573513
0.009497507475316525
0.009332189336419106
0.009471333585679531
0.009080449119210243
0.009250442497432232
0.009169618599116802
0.009484087117016315
0.009494890458881855
0.009211488999426365
0.009266923181712627
0.009109561331570148
0.008984943851828575
0.00893451739102602
0.009083425626158714
0.009196223691105843
0.009012180380523205
0.008664866909384727
0.008634154684841633
0.00895911455154419
0.008791232481598854
0.008791301399469376
0.008789015002548695
0.00853055715560913
0.008423554711043835
0.0086058359593153
0.008696382865309715
0.008443284779787064
0.008591964840888977
0.008672271855175495
0.008823982439935207
0.0084951501339674
0.008561225607991219
0.008688538335263729
0.0082755321636796
0.008055089972913265
0.008144557476043701
0.008361541666090488
0.008240875788033009
0.008027983829379082
0.008319881744682789
0.008268647827208042
0.008371395990252495
0.008213838562369347
0.00820088479667902
0.008321480825543404
0.00812357198446989
0.0078088706359267235
0.007904710248112679
0.008278539404273033
0.007901961915194988
0.008245319128036499
0.007717193104326725
0.007963956333696842
0.007608748972415924
0.007841293700039387
0.007734965067356825
0.0076093594543635845
0.007601874880492687
0.007870393805205822
0.007541843224316835
0.007556125987321138
0.00768419960513711
0.007384150754660368
0.007832194678485394
0.007493895012885332
0.007398913148790598
0.007501518819481134
0.0075245327316224575
0.007574012037366629
0.00760441180318594
0.007622398901730776
0.007319358643144369
0.007547786924988031
0.007456880062818527
0.007624938152730465
0.00728237209841609
0.0074600460939109325
0.007469944190233946
0.007367209531366825
0.007288245018571615
0.007107183802872896
0.007095435168594122
0.00721580907702446
0.0072066932916641235
0.007427469827234745
0.00709086749702692
0.006931564770638943
0.007506310474127531
0.0072243353351950645
0.007063254714012146
0.007381521165370941
0.007012594491243362
0.006892717909067869
0.006992742419242859
0.006887481547892094
0.007052831817418337
0.006928995251655579
0.007264376617968082
0.006823081523180008
0.007139959372580051
0.006984338164329529
0.006976553704589605
0.006697374861687422
0.0067060855217278
0.0067440480925142765
0.006679957266896963
0.006600590888410807
0.006428205408155918
0.006819770205765963
0.006660522427409887
0.00686172628775239
0.006892029196023941
0.006812703795731068
0.0065618655644357204
0.006637834943830967
0.006541363894939423
0.006624785251915455
0.006529831327497959
0.00653294799849391
0.006520521827042103
0.006662058178335428
0.006475713569670916
0.006681863684207201
0.0067968000657856464
0.006614420097321272
0.006409069057554007
0.0065430933609604836
0.0063623227179050446
0.006236432585865259
0.006295946892350912
0.00631403923034668
0.006632573902606964
0.006281279493123293
0.006365107838064432
0.006385073531419039
0.006480261217802763
0.006723282393068075
0.006523428950458765
0.006354621145874262
0.0063861035741865635
0.006040341220796108
0.006129859946668148
0.006299642380326986
0.006208453327417374
0.006214171182364225
0.006107292603701353
0.006125339772552252
0.006210297346115112
0.0061317929066717625
0.006130911409854889
0.006179925985634327
0.00631159171462059
0.0062135555781424046
0.006307289935648441
0.006277152802795172
0.00615165289491415
0.005761787761002779
0.006225564517080784
0.006131844129413366
0.006148925516754389
0.005915478337556124
0.006132969167083502
0.006085098255425692
0.00571079645305872
0.006055574398487806
0.006108987145125866
0.005818929057568312
0.005873090121895075
0.005954768043011427
0.0058975666761398315
0.00599158788099885
0.005933742970228195
0.005828510504215956
0.0056792618706822395
0.0060189152136445045
0.006194241810590029
0.005882448982447386
0.005814673844724894
0.0058531612157821655
0.005753833334892988
0.005984949879348278
0.00566275417804718
0.005761089734733105
0.0056021506898105145
0.005704832263290882
0.005562970880419016
0.005557611584663391
0.005599078256636858
0.0053227548487484455
0.005451991688460112
0.005316037219017744
0.005478193052113056
0.005523418076336384
0.005419902969151735
0.005482945125550032
0.005709878169000149
0.005631726700812578
0.005579021759331226
0.0053134192712605
0.00533443596214056
0.00530377309769392
0.005614874418824911
0.00548638915643096
0.005439247936010361
0.005429910961538553
0.005426743533462286
0.005146965850144625
0.005255323369055986
0.005182507913559675
0.005161904729902744
0.00536247668787837
0.005078046582639217
0.0051926979795098305
0.005322340410202742
0.005199615377932787
0.005236857105046511
0.005111499223858118
0.005439380649477243
0.005391991697251797
0.005128414835780859
0.005133714526891708
0.005329246632754803
0.005216576159000397
0.005268399138003588
0.005258922465145588
0.005706904921680689
0.0055814930237829685
0.005399487446993589
0.0053626736626029015
0.005174516700208187
0.005346635822206736
0.005289524327963591
0.005428395699709654
0.005068663507699966
0.005186162423342466
0.005266640800982714
0.005027163773775101
0.005341512616723776
0.005146330688148737
0.005070132203400135
0.005146598909050226
0.004961967468261719
0.0050651258789002895
0.00489905197173357
0.005144238471984863
0.00497161690145731
0.0050048925913870335
0.0048749675042927265
0.0049196104519069195
0.004776091780513525
0.005003787577152252
0.005012829322367907
0.005019397474825382
0.004867273848503828
0.004972952883690596
0.005057014059275389
0.00488800834864378
0.005010106600821018
0.004972160793840885
0.004899914376437664
0.005167066119611263
0.005193608812987804
0.005301433615386486
0.005139362998306751
0.004997012205421925
0.005150701850652695
0.005025268532335758
0.005126146133989096
0.004895772319287062
0.004880745895206928
0.004990209359675646
0.004856244660913944
0.0048117018304765224
0.004603811539709568
0.0047746202908456326
0.004823058377951384
0.004639047663658857
0.004793055355548859
0.0048952242359519005
0.004892583936452866
0.004663045518100262
0.004687834996730089
0.004807983059436083
0.004609245341271162
0.004841980058699846
0.004462196491658688
0.004626274574548006
0.004527748562395573
0.004836677107959986
0.0048587447963654995
0.0046813273802399635
0.004709182772785425
0.004770004190504551
0.004712196998298168
0.004791963379830122
0.004544238559901714
0.004663677420467138
0.0045469277538359165
0.0047015962190926075
0.004620402120053768
0.004522453993558884
0.0045821270905435085
0.004704765509814024
0.004686926491558552
0.004588797688484192
0.004805347882211208
0.0045629749074578285
0.004716877359896898
0.004641936160624027
0.004714394919574261
0.00472917640581727
0.004435303155332804
0.004565914627164602
0.004438399337232113
0.004487968049943447
0.0045707570388913155
0.004741958808153868
0.004391288384795189
0.004478533286601305
0.0045524416491389275
0.004720352590084076
0.004654743243008852
0.004524770192801952
0.004484810866415501
0.004435110837221146
0.004389180336147547
0.004272622987627983
0.004287931602448225
0.004405445884913206
0.00449421675875783
0.004429950844496489
0.004510500933974981
0.0044980463571846485
0.00443199323490262
0.0045807878486812115
0.004380414728075266
0.004437954165041447
0.004485710524022579
0.004447141196578741
0.004385024309158325
0.004236637149006128
0.004337894264608622
0.004434308502823114
0.004268850199878216
0.0043942490592598915
0.004252458922564983
0.004333674442023039
0.004176693502813578
0.004382755607366562
0.004343158099800348
0.004492464009672403
0.004195583052933216
0.004292638506740332
0.004169644322246313
0.004196623805910349
0.004403106868267059
0.004096102435141802
0.004220123868435621
0.004256723914295435
0.0040795570239424706
0.004178252536803484
0.004176459740847349
0.004276480991393328
0.004165372811257839
0.004151513334363699
0.004032799508422613
0.003936974797397852
0.004237740766257048
0.004227169789373875
0.004169020336121321
0.004219428636133671
0.004197651520371437
0.004149443935602903
0.004054478835314512
0.0040833973325788975
0.004232787061482668
0.003935292828828096
0.004245803691446781
0.004142180550843477
0.00404405826702714
0.004225289914757013
0.004137455951422453
0.0040381597355008125
0.004111635964363813
0.004300062544643879
0.004396333359181881
0.004126885440200567
0.004240621812641621
0.004050428979098797
0.003948059398680925
0.004215958993881941
0.003911813721060753
0.004028382711112499
0.004045544657856226
0.004002351313829422
0.003921699244529009
0.003967084921896458
0.0040956647135317326
0.004020815249532461
0.004030567593872547
0.004242708440870047
0.004101456142961979
0.004159786272794008
0.003943662624806166
0.003906921949237585
0.00411722669377923
0.00407645246013999
0.003999665845185518
0.003958923742175102
0.004083197098225355
0.004059834871441126
0.003718871623277664
0.0039987508207559586
0.004123250488191843
0.003984258510172367
0.0038412786088883877
0.004069416783750057
0.0038730271626263857
0.0037796644028276205
0.0038201087154448032
0.003846637671813369
0.003923006821423769
0.0038438853807747364
0.0038842277135699987
0.003974097315222025
0.0039995042607188225
0.003808111185207963
0.003910827450454235
0.003718782216310501
0.003830052213743329
0.0038350734394043684
0.0038620454724878073
0.003824678948149085
0.003886351827532053
0.0037767442408949137
0.0038102599792182446
0.0038962415419518948
0.003910022787749767
0.0039680115878582
0.0037647411227226257
0.003651510924100876
0.004008189775049686
0.003934856969863176
0.003926541656255722
0.0040085650980472565
0.0038644210435450077
0.00368141639046371
0.003729096846655011
0.0038496998604387045
0.003708822885528207
0.0038362331688404083
0.003949586767703295
0.0038931022863835096
0.0036729685962200165
0.003725361544638872
0.0038390271365642548
0.0037702361587435007
0.0037660603411495686
0.003813256276771426
0.003745357971638441
0.0038907353300601244
0.0038178456015884876
0.0038367046508938074
0.0037873568944633007
0.0038386357482522726
0.003999390173703432
0.0037841512821614742
0.003829224733635783
0.0038619728293269873
0.0037884607445448637
0.0037063700146973133
0.0036916551180183887
0.003656966146081686
0.0037250067107379436
0.0038035516627132893
0.0035862638615071774
0.003793348092585802
0.0036590800154954195
0.0036694228183478117
0.003776960074901581
0.003653105814009905
0.0037178604397922754
0.003819352248683572
0.0036640968173742294
0.0036586769856512547
0.0037537242751568556
0.0038244968745857477
0.003623404772952199
0.0035267809871584177
0.0036706477403640747
0.0037166851107031107
0.003768646391108632
0.0036689199041575193
0.003714035963639617
0.003688911208882928
0.0037276246584951878
0.0035935682244598866
0.0036523297894746065
0.003725327318534255
0.0037257703952491283
0.0037097353488206863
0.0037607415579259396
0.003797783749178052
0.003649810329079628
0.0035174000076949596
0.003679977497085929
0.003741713473573327
0.003621114185079932
0.0036980933509767056
0.0035724188201129436
0.003833180293440819
0.0036909773480147123
0.0035835797898471355
0.0035632774233818054
0.003670469392091036
0.003730590222403407
0.003723383182659745
0.0037108049727976322
0.003513926640152931
0.003653047839179635
0.003667633980512619
0.003583842422813177
0.0035940210800617933
0.003630054648965597
0.003640442620962858
0.0035978066734969616
0.00364706851541996
0.0036428519524633884
0.003601180389523506
0.003617288079112768
0.0036207702942192554
0.0035946678835898638
0.0035704064648598433
0.0035887151025235653
0.003556489245966077
0.0036367892753332853
0.0035153029020875692
0.003624730510637164
0.003519019577652216
0.003576564835384488
0.003519324818626046
0.003416616702452302
0.00359744462184608
0.003653769614174962
0.003590731183066964
0.003503178944811225
0.0036787313874810934
0.0036209220997989178
0.0036085625179111958
0.0034206504933536053
0.00353649677708745
0.00360914901830256
0.003609373699873686
0.0036169998347759247
0.00349693326279521
0.0034786828327924013
0.0036227230448275805
0.0035385030787438154
0.0034366208128631115
0.0036132470704615116
0.0034547068644315004
0.003662306582555175
0.0034720429684966803
0.003676580497995019
0.0036654334980994463
0.0034958033356815577
0.003538080956786871
0.0035092923790216446
0.003587252926081419
0.0036186848301440477
0.0035392146091908216
0.0036521723959594965
0.003500100690871477
0.0035170242190361023
0.003720683977007866
0.0034386739134788513
0.0035375484731048346
0.003527651308104396
0.003627554979175329
0.0034747065510600805
0.0035164488945156336
0.0034748148173093796
0.003582549747079611
0.003505740314722061
0.0035105382557958364
0.0035991717595607042
0.0035646979231387377
0.003528265981003642
0.003683877643197775
0.0034941125195473433
0.003546667518094182
0.00350525276735425
0.003462958848103881
0.0037109304685145617
0.003385348478332162
0.00351831060834229
0.003456821897998452
0.0034148977138102055
0.003456663805991411
0.003636186709627509
0.003518432844430208
0.003498819889500737
0.003589554224163294
0.003406402887776494
0.0033826096914708614
0.003516929689794779
0.003480242332443595
0.0035568997263908386
0.003387985285371542
0.003402142086997628
0.003344180528074503
0.003260223660618067
0.003524237545207143
0.003299571108072996
0.003487026086077094
0.00351386028341949
0.0034603343810886145
0.0034036224242299795
0.003571881214156747
0.0034448769874870777
0.003360024420544505
0.0035005577374249697
0.0033790261950343847
0.003450456541031599
0.0034732853528112173
0.0035281763412058353
0.0034802164882421494
0.003468784736469388
0.003429953707382083
0.00354764168150723
0.0033774387557059526
0.0034833482932299376
0.0033404086716473103
0.0034950010012835264
0.003401183057576418
0.003381614340469241
0.003447770606726408
0.0034863895270973444
0.0033543461468070745
0.003446615766733885
0.003536488162353635
0.0034640172962099314
0.0035107817966490984
0.0034334175288677216
0.0034370177891105413
0.00344466301612556
0.003357707289978862
0.003399904351681471
0.0034583101514726877
0.0034458376467227936
0.003476283047348261
0.0034947539679706097
0.003409914905205369
0.003432865021750331
0.0034692741464823484
0.0034468614030629396
0.003420276800170541
0.0034361586440354586
0.0034486243966966867
0.0034434646368026733
0.0035743960179388523
0.0032790950499475002
0.0033976342529058456
0.003557295072823763
0.003396824700757861
0.003413511672988534
0.0033480157144367695
0.0032897591590881348
0.0033983720932155848
0.0034958254545927048
0.0033772122114896774
0.003502511652186513
0.0035382206551730633
0.003568443236872554
0.0033795239869505167
0.003396989544853568
0.00330786663107574
0.003310571191832423
0.0034330938942730427
0.0034536432940512896
0.003458351595327258
0.003395217703655362
0.0034951053094118834
0.003491109935566783
0.0035034888423979282
0.003341533010825515
0.0032739914022386074
0.0032695592381060123
0.0033785090781748295
0.003428883384913206
0.00353580666705966
0.0032657065894454718
0.0034956729505211115
0.0033793807961046696
0.0033353380858898163
0.003357308218255639
0.0033811982721090317
0.0034761724527925253
0.003362789750099182
0.0033071935176849365
0.003269192297011614
0.0033650642726570368
0.0034342610742896795
0.003431654302403331
0.003442445071414113
0.0033291750587522984
0.003404489252716303
0.003379022004082799
0.003365230280905962
0.0034969497937709093
0.003509476548060775
0.0033304267562925816
0.0034982780925929546
0.0034756690729409456
0.0034185447730123997
0.0033956188708543777
0.0033937871921807528
0.003343341639265418
0.003389926627278328
0.0033016905654221773
0.00341579201631248
0.003365622367709875
0.003380608046427369
0.0035068385768681765
0.0034500856418162584
0.0035046059638261795
0.00324549013748765
0.0032632306683808565
0.0034453633707016706
0.0035042825620621443
0.003403986105695367
0.0033982638269662857
0.0033781654201447964
0.003475234378129244
0.0033073758240789175
0.0034280733671039343
0.0033647380769252777
0.0032902671955525875
0.003422362031415105
0.0033732648007571697
0.003376363543793559
0.0034086056984961033
0.003372073406353593
0.0033588751684874296
0.0034066210500895977
0.003337653586640954
0.003440430387854576
0.003395838662981987
0.003382893977686763
0.0033238863106817007
0.003309756051748991
0.003325503785163164
0.0033476112876087427
0.0032729667145758867
0.003526026615872979
0.0032692179083824158
0.003432835917919874
0.0035016171168535948
0.0034247026778757572
0.0033549873623996973
0.0034674678463488817
0.0032984688878059387
0.003390108933672309
0.003285181475803256
0.003268492640927434
0.0034498609602451324
0.00334761431440711
0.0032467152923345566
0.003378265770152211
0.0033084952738136053
0.0033313040621578693
0.0032620765268802643
0.003407592186704278
0.0032784603536128998
0.0032660735305398703
0.0033152911346405745
0.0032408623956143856
0.003379079047590494
0.003376967506483197
0.003237523604184389
0.003332951571792364
0.003457559971138835
0.0033642291091382504
