0.9996179938316345
0.9995684027671814
0.999376118183136
0.9993413686752319
0.9993042349815369
0.9992762804031372
0.9992254376411438
0.9991230368614197
0.9992173314094543
0.9992024302482605
0.9991830587387085
0.9990732073783875
0.9991483092308044
0.998977780342102
0.9990407228469849
0.9990344643592834
0.9989398121833801
0.9988804459571838
0.9988598227500916
0.9987953901290894
0.9987220764160156
0.9986246228218079
0.998448371887207
0.9983789324760437
0.9981598258018494
0.9979454278945923
0.9978957772254944
0.9976380467414856
0.9972766041755676
0.996900200843811
0.9965946078300476
0.995941162109375
0.9954012632369995
0.9946104288101196
0.994212806224823
0.9937445521354675
0.9925422668457031
0.9916204810142517
0.9895992875099182
0.9879801869392395
0.9859957695007324
0.9835224151611328
0.980232834815979
0.9779399633407593
0.974477231502533
0.9711654782295227
0.9670513272285461
0.9636263251304626
0.9586873054504395
0.9548891186714172
0.9495332837104797
0.9434083104133606
0.9410513639450073
0.9319598078727722
0.9277003407478333
0.9237390160560608
0.916961669921875
0.9039674401283264
0.9029521942138672
0.8982830047607422
0.8945015668869019
0.8876661658287048
0.8781610131263733
0.8715740442276001
0.8635966181755066
0.8618156313896179
0.8524876832962036
0.8445652723312378
0.8378866910934448
0.8358174562454224
0.836454451084137
0.8241578340530396
0.8178654909133911
0.8218134641647339
0.8167301416397095
0.8060498833656311
0.7938628196716309
0.783663809299469
0.7941382527351379
0.7885648012161255
0.7755274772644043
0.7752876877784729
0.7655013203620911
0.7634855508804321
0.7601994872093201
0.7503560781478882
0.7500587701797485
0.7379629015922546
0.7330098748207092
0.7222961187362671
0.7176070809364319
0.7143288254737854
0.7213853597640991
0.7069452404975891
0.7015340924263
0.7018877267837524
0.6986075639724731
0.6878350973129272
0.6895179748535156
0.6912292242050171
0.6780823469161987
0.6844205856323242
0.6790847778320312
0.6705464124679565
0.6675719618797302
0.6627244353294373
0.6622931361198425
0.6494287252426147
0.6546086072921753
0.653502881526947
0.6529248356819153
0.662680447101593
0.6544001698493958
0.6445862650871277
0.6367056965827942
0.6398970484733582
0.6423393487930298
0.6525887846946716
0.6565179824829102
0.62930828332901
0.6199770569801331
0.6229235529899597
0.6150922775268555
0.6240453124046326
0.6129802465438843
0.6091669797897339
0.6149472594261169
0.627266526222229
0.6181707382202148
0.6152870059013367
0.5991364121437073
0.5942602157592773
0.5783677101135254
0.5804467797279358
0.5778068900108337
0.5682525038719177
0.5636070966720581
0.5689221024513245
0.564826250076294
0.5522012710571289
0.5586241483688354
0.5390371084213257
0.5519190430641174
0.5451347827911377
0.542263388633728
0.5318534970283508
0.5335962176322937
0.5333820581436157
0.5366508364677429
0.5312128067016602
0.533668577671051
0.5293781757354736
0.5156833529472351
0.5140164494514465
0.520046591758728
0.5118595361709595
0.5127103924751282
0.5029538869857788
0.5041326284408569
0.5112654566764832
0.4993845522403717
0.5019546747207642
0.4975905418395996
0.49617651104927063
0.5005596280097961
0.5033742189407349
0.49217677116394043
0.49791571497917175
0.4853372573852539
0.49595361948013306
0.507469117641449
0.4906308352947235
0.47302815318107605
0.4806707203388214
0.48594093322753906
0.4853205680847168
0.4894087016582489
0.47684645652770996
0.4710958003997803
0.4679529666900635
0.4777558147907257
0.4703279435634613
0.4699203372001648
0.46609950065612793
0.47079429030418396
0.46353045105934143
0.468228280544281
0.45545291900634766
0.45713287591934204
0.451598584651947
0.45101243257522583
0.467829167842865
0.45134156942367554
0.44499772787094116
0.4480920433998108
0.45616063475608826
0.449003666639328
0.44583696126937866
0.44218263030052185
0.43855762481689453
0.4365995526313782
0.4454241394996643
0.4276890158653259
0.4404345452785492
0.4270983338356018
0.42721647024154663
0.43193718791007996
0.42786070704460144
0.4341152012348175
0.4267268478870392
0.42533424496650696
0.4224529564380646
0.421340674161911
0.42327484488487244
0.4297773838043213
0.4199753403663635
0.4077219069004059
0.4235059320926666
0.42133501172065735
0.42217499017715454
0.4134991466999054
0.40579819679260254
0.4058372378349304
0.4058913290500641
0.4058397710323334
0.41193506121635437
0.4100741744041443
0.4329419434070587
0.407013863325119
0.4099729657173157
0.39545610547065735
0.412752628326416
0.4027957022190094
0.3957368731498718
0.39554813504219055
0.3849868178367615
0.39830198884010315
0.39824214577674866
0.39516064524650574
0.3973979949951172
0.38953080773353577
0.39030760526657104
0.3850669860839844
0.3834397792816162
0.3874490559101105
0.40253663063049316
0.39326438307762146
0.39244934916496277
0.39004823565483093
0.3903800845146179
0.38896605372428894
0.3915412127971649
0.3977632224559784
0.3853321373462677
0.38706856966018677
0.38135334849357605
0.37663039565086365
0.3851969540119171
0.3851376473903656
0.38434889912605286
0.388676255941391
0.3697526156902313
0.3761371970176697
0.37805476784706116
0.3778485953807831
0.3678321838378906
0.37757542729377747
0.38107872009277344
0.3682191073894501
0.3814823031425476
0.37601107358932495
0.3702438473701477
0.38066554069519043
0.37941232323646545
0.3754260838031769
0.3716368079185486
0.3672370910644531
0.38077154755592346
0.360476553440094
0.3684784770011902
0.3680882155895233
0.3631187081336975
0.3713253140449524
0.36760637164115906
0.367532342672348
0.3630768656730652
0.35744336247444153
0.37043070793151855
0.3496454060077667
0.37088772654533386
0.3617304861545563
0.35652610659599304
0.35901808738708496
0.36786940693855286
0.3664851784706116
0.35937759280204773
0.3592612147331238
0.35894209146499634
0.3583981394767761
0.3568081557750702
0.3543454706668854
0.3501739501953125
0.3549886643886566
0.3529174327850342
0.3534998893737793
0.3510129153728485
0.3345465660095215
0.3463760018348694
0.3491970896720886
0.3577229380607605
0.35181209444999695
0.3595848083496094
0.3572997450828552
0.3590189814567566
0.3540969491004944
0.3433423936367035
0.3462797701358795
0.3526667058467865
0.35110658407211304
0.3431844115257263
0.35398104786872864
0.3502954840660095
0.3456324636936188
0.3517308533191681
0.34944310784339905
0.35714712738990784
0.34727075695991516
0.3576326072216034
0.35184577107429504
0.3485092520713806
0.3429708778858185
0.3524472117424011
0.3485357463359833
0.3576028645038605
0.35769227147102356
0.3406124711036682
0.33856815099716187
0.34855785965919495
0.34227246046066284
0.35453954339027405
0.3542476296424866
0.35572972893714905
0.338334858417511
0.3506501615047455
0.3481135368347168
0.33220329880714417
0.3422446846961975
0.3419771194458008
0.338446706533432
0.33529672026634216
0.33079853653907776
0.3450332283973694
0.3382989764213562
0.3382379710674286
0.33608606457710266
0.34633880853652954
0.3391244113445282
0.3354482352733612
0.3458448052406311
0.34270763397216797
0.3450627624988556
0.3390905559062958
0.33859914541244507
0.33769097924232483
0.34301140904426575
0.34129974246025085
0.335431843996048
0.33745065331459045
0.3242958188056946
0.3308393955230713
0.3321046829223633
0.3326353430747986
0.33568280935287476
0.33453425765037537
0.3413974344730377
0.34213656187057495
0.3401932418346405
0.3366003930568695
0.34441787004470825
0.33497509360313416
0.32546088099479675
0.3313705027103424
0.3300004005432129
0.33960601687431335
0.33202245831489563
0.3342556655406952
0.33883902430534363
0.33952540159225464
0.33345478773117065
0.33635491132736206
0.335702508687973
0.33701422810554504
0.3334088921546936
0.3300950825214386
0.33366698026657104
0.34175509214401245
0.32280248403549194
0.3323120176792145
0.3322543203830719
0.3312474191188812
0.33225759863853455
0.3277972638607025
0.3351447880268097
0.34039396047592163
0.3250134289264679
0.3318707346916199
0.3269992470741272
0.3305196166038513
0.3300543427467346
0.3270600140094757
0.3414303958415985
0.33054623007774353
0.3347385823726654
0.32494473457336426
0.329730361700058
0.33268359303474426
0.33137986063957214
0.3305407464504242
0.33134064078330994
0.33703726530075073
0.3255194127559662
0.33046096563339233
0.32926037907600403
0.3318863809108734
0.32910919189453125
0.3375002443790436
0.33158770203590393
0.3266929090023041
0.32459941506385803
0.3262304961681366
0.3250385820865631
0.32746651768684387
0.32222315669059753
0.32318440079689026
0.33796072006225586
0.33902427554130554
0.3242293894290924
0.3269214630126953
0.3245062232017517
0.33078664541244507
0.3331219553947449
0.3258593678474426
0.3278694152832031
0.3342340886592865
0.32162436842918396
0.3370276987552643
0.32742467522621155
0.33068540692329407
0.3273904621601105
0.32791146636009216
0.3174029290676117
0.3286476731300354
0.3291272819042206
0.32422590255737305
0.3239049017429352
0.32610437273979187
0.33576688170433044
0.32771024107933044
0.3327968418598175
0.3294009864330292
0.3456636965274811
0.33347585797309875
0.33472660183906555
0.3260510563850403
0.3320125937461853
0.32594990730285645
0.32517120242118835
0.3252581059932709
0.32774707674980164
0.31677740812301636
0.32191747426986694
0.33995872735977173
0.3347358703613281
0.33271247148513794
0.32907095551490784
0.3270813524723053
0.3300234377384186
0.32841283082962036
0.32016855478286743
0.3290277421474457
0.3266300559043884
0.3345794677734375
0.33439478278160095
0.32403936982154846
0.32238975167274475
0.3273027241230011
0.33693212270736694
0.3288010060787201
0.3291769027709961
0.3206791281700134
0.33225589990615845
0.3166626989841461
0.32201990485191345
0.3378090262413025
0.3279190957546234
0.3340860903263092
0.3275413513183594
0.3247291147708893
0.330920547246933
0.3219970166683197
