3.450803279876709
1.8694981336593628
1.033752202987671
0.7217432260513306
0.531520426273346
0.373619943857193
0.22861377894878387
0.10252366214990616
0.03707047551870346
0.021894965320825577
0.020159542560577393
0.020801039412617683
0.01961892656981945
0.01910683512687683
0.020377187058329582
0.020045937970280647
0.01996600814163685
0.020502928644418716
0.019900519400835037
0.020443996414542198
0.01947760581970215
0.020747896283864975
0.021248850971460342
0.020908435806632042
0.02023833803832531
0.01956513710319996
0.019447412341833115
0.019963283091783524
0.019476553425192833
0.018881384283304214
0.020180266350507736
0.020297035574913025
0.020801672711968422
0.01991916634142399
0.020002368837594986
0.02010919712483883
0.020057376474142075
0.019965292885899544
0.019449850544333458
0.019369501620531082
0.01936406083405018
0.01945643685758114
0.019787918776273727
0.018825756385922432
0.021150410175323486
0.021554717794060707
0.01988036558032036
0.020485524088144302
0.019205648452043533
0.02004043571650982
0.02062835730612278
0.019214678555727005
0.0194865670055151
0.01977279782295227
0.02079806663095951
0.01957818679511547
0.01893715001642704
0.01941818557679653
0.01900412142276764
0.02000536024570465
0.02098632976412773
0.01887768693268299
0.019704565405845642
0.020460907369852066
0.01942845620214939
0.01993342861533165
0.01952236518263817
0.018313134089112282
0.019123930484056473
0.018949013203382492
0.01969507895410061
0.0189075767993927
0.020894501358270645
0.019069340080022812
0.0191818680614233
0.01813611201941967
0.018773343414068222
0.01864660158753395
0.02005428448319435
0.018385982140898705
0.01918056048452854
0.01920027658343315
0.019208315759897232
0.019368255510926247
0.01850736141204834
0.018908558413386345
0.019518587738275528
0.01920829899609089
0.018911052495241165
0.02034709043800831
0.01958220638334751
0.018876001238822937
0.019858848303556442
0.01970593072474003
0.01959739439189434
0.01961214654147625
0.018627401441335678
0.018585477024316788
0.01894952543079853
0.01912687160074711
0.018837476149201393
0.019007371738553047
0.019118323922157288
0.01950395479798317
0.019287725910544395
0.01874733902513981
0.019195077940821648
0.019271384924650192
0.019651757553219795
0.01968054659664631
0.018509818241000175
0.019051754847168922
0.019237106665968895
0.019019553437829018
0.019381457939743996
0.0201437808573246
0.019123027101159096
0.017791155725717545
0.018890472128987312
0.018839461728930473
0.01919831521809101
0.018598249182105064
0.01911061629652977
0.018089501187205315
0.01840035431087017
0.01828666590154171
0.01898282766342163
0.01891864649951458
0.018705353140830994
0.018207233399152756
0.017689775675535202
0.017298582941293716
0.017952412366867065
0.017509430646896362
0.017777910456061363
0.01738940365612507
0.017139436677098274
0.017626935616135597
0.017954353243112564
0.01755768619477749
0.016681404784321785
0.017051124945282936
0.0177390668541193
0.017955521121621132
0.01779067888855934
0.017226649448275566
0.017418889328837395
0.01663600467145443
0.01666143350303173
0.017062269151210785
0.01656433381140232
0.015905065461993217
0.017262769863009453
0.016252201050519943
0.018873946741223335
0.017626237124204636
0.01670193485915661
0.01739734597504139
0.017517216503620148
0.015955684706568718
0.01645493321120739
0.01636083982884884
0.016950329765677452
0.015912149101495743
0.016983788460493088
0.016096966341137886
0.015460945665836334
0.015405151061713696
0.0153631791472435
0.015242439694702625
0.016531918197870255
0.016617348417639732
0.01630891114473343
0.016082176938652992
0.016633741557598114
0.01648670807480812
0.016130423173308372
0.01644274964928627
0.01494566909968853
0.014779709279537201
0.01557186245918274
0.015333169139921665
0.014849812723696232
0.015367011539638042
0.015102928504347801
0.015650292858481407
0.014519801363348961
0.015001503750681877
0.014376449398696423
0.015000996179878712
0.015586679801344872
0.015079892240464687
0.014534508809447289
0.01428435929119587
0.015073894523084164
0.014898091554641724
0.014475920237600803
0.014074389822781086
0.015344562940299511
0.014887265861034393
0.014557118527591228
0.014107138849794865
0.013958903960883617
0.014051449485123158
0.013412052765488625
0.01344550121575594
0.0136368777602911
0.012847251258790493
0.01245026383548975
0.012102724052965641
0.012288532219827175
0.01231209933757782
0.012067154981195927
0.0129749346524477
0.012660762295126915
0.012174570932984352
0.01157388649880886
0.01243987213820219
0.012160862796008587
0.012361468747258186
0.012213201262056828
0.011475206352770329
0.012002354487776756
0.012125152163207531
0.013153155334293842
0.012564782984554768
0.011507011950016022
0.011934827081859112
0.011142796836793423
0.01096669863909483
0.011036606505513191
0.011432900093495846
0.011744788847863674
0.011174526996910572
0.011971811763942242
0.011735713109374046
0.011537758633494377
0.010620969347655773
0.010328995063900948
0.01069812010973692
0.0101447943598032
0.0111354049295187
0.010703571140766144
0.010266088880598545
0.011034419760107994
0.010250085964798927
0.009689376689493656
0.00996157992631197
0.009582853876054287
0.010528652928769588
0.009973720647394657
0.010370480827987194
0.00937352329492569
0.009863455779850483
0.009919358417391777
0.00949913077056408
0.009661545045673847
0.009790127165615559
0.009389561600983143
0.008865044452250004
0.009413636289536953
0.009446201846003532
0.009772990830242634
0.009273896925151348
0.008981573395431042
0.009457980282604694
0.008627580478787422
0.009432255290448666
0.008969247341156006
0.009032187052071095
0.008589289151132107
0.008372797630727291
0.00886001531034708
0.008562428876757622
0.00861063227057457
0.009264111518859863
0.009794834069907665
0.00867792870849371
0.00826521497219801
0.008515508845448494
0.0086422860622406
0.008715257979929447
0.008325292728841305
0.008252975530922413
0.008958866819739342
0.008453463204205036
0.008224491961300373
0.009185656905174255
0.008542218245565891
0.008419913239777088
0.00886381883174181
0.008190096355974674
0.008611992932856083
0.008143841288983822
0.007945413701236248
0.008221641182899475
0.008031758479773998
0.007550819776952267
0.007628343999385834
0.007910541258752346
0.008295764215290546
0.007859211415052414
0.00803513452410698
0.007992480881512165
0.008373669348657131
0.00765989487990737
0.008214465342462063
0.008464014157652855
0.0076294816099107265
0.007745492272078991
0.008285352028906345
0.008700589649379253
0.008027233183383942
0.008090105839073658
0.007616277784109116
0.00793399102985859
0.00785330031067133
0.00784397404640913
0.007877576164901257
0.007757093757390976
0.007287825457751751
0.007507420610636473
0.00787442084401846
0.0074329376220703125
0.0072308615781366825
0.00789345521479845
0.007182990200817585
0.007398013491183519
0.007127995137125254
0.00732609536498785
0.0074586826376616955
0.007626636419445276
0.007720563560724258
0.007632454391568899
0.00729496730491519
0.007758013904094696
0.007126305717974901
0.007462743669748306
0.007617587689310312
0.006972483359277248
0.006697633303701878
0.00797895435243845
0.008524174802005291
0.00784490816295147
0.007348574697971344
0.007083316333591938
0.0075095114298164845
0.0075828274711966515
0.007336344104260206
0.007289064582437277
0.00691700866445899
0.006681169383227825
0.00669121416285634
0.0067451889626681805
0.0068182977847754955
0.006792339961975813
0.006384486798197031
0.006981460843235254
0.006694891955703497
0.006706292741000652
0.006890601012855768
0.0067150467075407505
0.006736657116562128
0.006574801169335842
0.006509378552436829
0.006464833859354258
0.006569277495145798
0.006506414618343115
0.00651903823018074
0.006345085334032774
0.0064750430174171925
0.006190501153469086
0.006595832761377096
0.006629379000514746
0.006403400097042322
0.00615835702046752
0.0059286183677613735
0.006474711466580629
0.006464988924562931
0.006451426539570093
0.005967814475297928
0.006228327285498381
0.00638588285073638
0.006219411734491587
0.005746378563344479
0.0058900220319628716
0.0062246969901025295
0.0059242770075798035
0.00577812734991312
0.005662891548126936
0.005967691540718079
0.005482091102749109
0.006129671353846788
0.0058363270945847034
0.005623084958642721
0.006103429477661848
0.006460726261138916
0.005937672220170498
0.005758613348007202
0.006019024644047022
0.005690126679837704
0.00623790267854929
0.006325954105705023
0.006066654808819294
0.005894794594496489
0.005742958746850491
0.00610782066360116
0.005612713750451803
0.0056886374950408936
0.005739873740822077
0.005677279084920883
0.005778682883828878
0.005534258671104908
0.005461178719997406
0.0056986561976373196
0.0056746117770671844
0.005861387588083744
0.005853541195392609
0.005685337819159031
0.005393777042627335
0.00556366890668869
0.0052141244523227215
0.005831999238580465
0.005397154949605465
0.005336357746273279
0.0055825598537921906
0.006029151845723391
0.0057889423333108425
0.005690387450158596
0.0055951620452106
0.005468967370688915
0.005349294748157263
0.005166885443031788
0.005056087858974934
0.005458999425172806
0.006107512395828962
0.005326279904693365
0.005288849119096994
0.005379532463848591
0.005326786544173956
0.005612472537904978
0.005331505089998245
0.005277381744235754
0.005434561055153608
0.005551434122025967
0.00596988620236516
0.0052898540161550045
0.005342778284102678
0.0054394262842834
0.005689625162631273
0.005372754763811827
0.0055200448259711266
0.005347508937120438
0.005013026297092438
0.005384601186960936
0.005007770378142595
0.005511060822755098
0.005070641171187162
0.005231996066868305
0.0051643564365804195
0.005118721164762974
0.005266978871077299
0.00514001352712512
0.005323807708919048
0.005285230930894613
0.005321822129189968
0.005347536411136389
0.005048620980232954
0.005409999750554562
0.005039480049163103
0.005221810657531023
0.005247434135526419
0.005424765404313803
0.0055213249288499355
0.005005359183996916
0.00571218878030777
0.0052980585023760796
0.005312412045896053
0.005342361517250538
0.005250054877251387
0.005049227736890316
0.005305577535182238
0.005034160800278187
0.005207907874137163
0.004979268182069063
0.0050988937728106976
0.005019555799663067
0.0049093118868768215
0.004927185829728842
0.005085744429379702
0.005302161909639835
0.0049309623427689075
0.0051962463185191154
0.005021684803068638
0.005272867623716593
0.005507204681634903
0.005498318932950497
0.005346651189029217
0.005190116353332996
0.005170109216123819
