5.285655498504639
2.4878764152526855
1.0424836874008179
0.6589511036872864
0.5297523140907288
0.39489680528640747
0.3114781975746155
0.24392744898796082
0.2059548944234848
0.15174253284931183
0.12041226774454117
0.09666476398706436
0.07768753916025162
0.06527507305145264
0.05566975101828575
0.04805445298552513
0.042062364518642426
0.03698976710438728
0.03318987041711807
0.029913539066910744
0.026965953409671783
0.025244737043976784
0.023237233981490135
0.02139490842819214
0.019604118540883064
0.018242910504341125
0.01705235056579113
0.016258932650089264
0.015285998582839966
0.014720295555889606
0.013904021121561527
0.013156021013855934
0.012585497461259365
0.011931824497878551
0.011655601672828197
0.011047429405152798
0.010808798484504223
0.010404039174318314
0.010098179802298546
0.010034137405455112
0.009455855935811996
0.00930891651660204
0.008954296819865704
0.008607059717178345
0.008404568769037724
0.008138610050082207
0.008007414638996124
0.0078327227383852
0.007667881902307272
0.00768832815811038
0.0073720370419323444
0.0073834671638906
0.007591917645186186
0.007268441841006279
0.006982785649597645
0.0067970892414450645
0.006603447254747152
0.006465586833655834
0.00631013372913003
0.006207398604601622
0.006026232149451971
0.006217617075890303
0.00600801594555378
0.006082793697714806
0.005825529806315899
0.005873609334230423
0.005700673907995224
0.005827729124575853
0.005780263803899288
0.005677127279341221
0.00561423460021615
0.005253496114164591
0.005308651831001043
0.005416568834334612
0.00550455367192626
0.005279138684272766
0.005196826998144388
0.005048918537795544
0.005085482262074947
0.00512054143473506
0.004850529599934816
0.004816269036382437
0.00478834193199873
0.0049679637886583805
0.004882097244262695
0.0050434814766049385
0.00473483931273222
0.004620351362973452
0.004609087016433477
0.00469874357804656
0.004590293392539024
0.004663585219532251
0.004650892224162817
0.004543776158243418
0.00469945278018713
0.004485456272959709
0.004474917892366648
0.0043786270543932915
0.0043802885338664055
0.004288886208087206
0.004259576089680195
0.004353921394795179
0.004316955339163542
0.00435443501919508
0.0043682134710252285
0.004409910179674625
0.004477411042898893
0.004279537592083216
0.004470735788345337
0.004171756096184254
0.004173832014203072
0.004462230950593948
0.004212035797536373
0.0041957697831094265
0.0040418487042188644
0.004250116180628538
0.004154489375650883
0.004001904744654894
0.0040120091289281845
0.003941679839044809
0.004099105019122362
0.004061125684529543
0.003991331439465284
0.003901974530890584
0.0040459963493049145
0.004028463736176491
0.003952107857912779
0.0043579270131886005
0.004342275205999613
0.004002912901341915
0.003927126992493868
0.0037769253831356764
0.0037991602439433336
0.003912166226655245
0.003795446828007698
0.0038906103000044823
0.003707541385665536
0.0037684186827391386
0.0037422894965857267
0.003772155847400427
0.003871801309287548
0.0038154555950313807
0.0037414035759866238
0.003796543227508664
0.0037820993456989527
0.0037669758312404156
0.0037418624851852655
0.0037326558958739042
0.0036495740059763193
0.0035906629636883736
0.0035918853245675564
0.003612878732383251
0.0035881593357771635
0.0037662205286324024
0.0036629117093980312
0.0035436665639281273
0.0034814656246453524
0.0035173213109374046
0.0035382267087697983
0.0037061029579490423
0.0036153278779238462
0.0034916314762085676
0.0036505768075585365
0.0037213421892374754
0.003625492099672556
0.003567403182387352
0.0034592587035149336
0.003499980317428708
0.00355230993591249
0.0035047079436481
0.003559316508471966
0.0035280566662549973
0.0035206822212785482
0.0034899290185421705
0.0035213956143707037
0.003461157437413931
0.003423672402277589
0.003392397426068783
0.003432067111134529
0.00334578612819314
0.003416758729144931
0.0033022500574588776
0.0034359574783593416
0.0034725528676062822
0.0033147893846035004
0.0034051386173814535
0.0032756368163973093
0.0032355638686567545
0.0032263316679745913
0.0033652789425104856
0.003394665429368615
0.0034558684565126896
0.0033715448807924986
0.0032725788187235594
0.0033525803592056036
0.00324257486499846
0.0032952961046248674
0.003208971582353115
0.003176899394020438
0.003353477455675602
0.0033571647945791483
0.00319542340002954
0.0032165644224733114
0.0031180158257484436
0.0031306373421102762
0.0030918719712644815
0.003118155524134636
0.0031343114096671343
0.0031541623175144196
0.0032290893141180277
0.0031746504828333855
0.0031256729271262884
0.0032345473300665617
0.0032017186749726534
0.003269781358540058
0.003114622551947832
0.003095973515883088
0.0030834232456982136
0.003036933485418558
0.002984520746394992
0.0030502486042678356
0.0030428285244852304
0.0029801803175359964
0.0030044610612094402
0.0030588223598897457
0.0030420469120144844
0.0030255732126533985
0.0030178960878401995
0.003024088917300105
0.0030086925253272057
0.0033326419070363045
0.0030682070646435022
0.003049371764063835
0.0030204320792108774
0.0029724547639489174
0.002973613329231739
0.002860619220882654
0.0029168869368731976
0.0029509032610803843
0.003000023076310754
0.002937023527920246
0.0028892196714878082
0.0029122710693627596
0.0028435522690415382
0.002913472708314657
0.0028383301105350256
0.002805077936500311
0.002800813177600503
0.0028830310329794884
0.0028184286784380674
0.002926446031779051
0.002941376995295286
0.0027700746431946754
0.002810932695865631
0.0028350846841931343
0.0028435131534934044
0.002877689665183425
0.002712802728638053
0.0027017006650567055
0.002736099064350128
0.002805152675136924
0.00279991258867085
0.002795595908537507
0.002785590710118413
0.002722163451835513
0.0027807767037302256
0.002750572981312871
0.0027025416493415833
0.002675666008144617
0.0027215746231377125
0.0027035933453589678
0.0026805922389030457
0.0027252170257270336
0.0026650482323020697
0.0027614939026534557
0.0027218402829021215
0.002648012712597847
0.0027386897709220648
0.0026906472630798817
0.002602718537673354
0.002737003844231367
0.002655107993632555
0.0026240909937769175
0.0026597129181027412
0.0026693488471210003
0.002567189745604992
0.002634074306115508
0.0026286719366908073
0.0026235615368932486
0.0025843135081231594
0.002600543200969696
0.0026876439806073904
0.0026043765246868134
0.002569127595052123
0.002619024831801653
0.0025781504809856415
0.0026143086142838
0.0025730656925588846
0.0025781821459531784
0.0025232669431716204
0.0024889472406357527
0.0025035024154931307
0.0025719646364450455
0.002527065109461546
0.0024989547673612833
0.0025311645586043596
0.002529822289943695
0.002485929988324642
0.0024596008006483316
0.0024380949325859547
0.002519052242860198
0.0024695585016161203
0.0024407710880041122
0.002492735628038645
0.0024455436505377293
0.0025259966496378183
0.0024200237821787596
0.0024162540212273598
0.0024115180131047964
0.0024258976336568594
0.0023999186232686043
0.0024189178366214037
0.0024430963676422834
0.0024281854275614023
0.0024713282473385334
0.0024131520185619593
0.0024210612755268812
0.0024113571271300316
0.002378481673076749
0.0024059999268501997
0.0023845196701586246
0.0023931562900543213
0.0023867087438702583
0.0024481622967869043
0.0024059901479631662
0.002397175645455718
0.002364023355767131
0.0023514714557677507
0.0023973763454705477
0.0023313784040510654
0.002348854672163725
0.002364151645451784
0.002336208475753665
0.002353284740820527
0.0023176230024546385
0.0023371544666588306
0.0023776539601385593
0.0023226477205753326
0.002249807119369507
0.0022791260853409767
0.002308935159817338
0.0022401942405849695
0.002313874661922455
0.002268486889079213
0.0022604111582040787
0.0023374436423182487
0.002307009184733033
0.0022451826371252537
0.0022339324932545424
0.0022898835595697165
0.0022511326242238283
0.0022379092406481504
0.0022870302200317383
0.0022120520006865263
0.0022679634857922792
0.0021964749321341515
0.0022296917159110308
0.0021905815228819847
0.0022777493577450514
0.0022580958902835846
0.002186748431995511
0.002252687467262149
0.0022189889568835497
0.0022285878658294678
0.0022229040041565895
0.0022275096271187067
0.0022155868355184793
0.002210375852882862
0.002211068756878376
0.0022030980326235294
0.002222989685833454
0.0021574809215962887
0.0021829751785844564
0.0021592890843749046
0.002191305859014392
0.0021894234232604504
0.002175399102270603
0.0021356120705604553
0.002180450363084674
0.002166686113923788
0.0021912024822086096
0.0021246178075671196
0.002138860058039427
0.0021616220474243164
0.002142891753464937
0.002138872630894184
0.002119563752785325
0.002141502220183611
0.002130747539922595
0.0021724568214267492
0.0021396807860583067
0.0021125266794115305
0.0021272588055580854
0.0021507628262043
0.0020971721969544888
0.00212943647056818
0.002118445234373212
0.00211541005410254
0.0021297552157193422
0.002112059388309717
0.0021147439256310463
0.0020994162186980247
0.0020889213774353266
0.002111584646627307
0.002078298246487975
0.0020864619873464108
0.002079874509945512
0.0020617328118532896
0.002097124233841896
0.002123265527188778
0.0020596093963831663
0.002083330415189266
0.002043843036517501
0.002034160541370511
0.002060834551230073
0.0021192848216742277
0.0021142568439245224
0.0020965435542166233
0.0021153197158128023
0.002030522096902132
0.0020579027477651834
0.0020503958221524954
0.002075047232210636
0.002075269352644682
0.002081299899145961
0.0020697354339063168
0.0020533446222543716
0.002054001437500119
0.002032800344750285
0.0020486426074057817
0.0020307123195379972
0.0020574715454131365
0.002067882101982832
0.0020664131734520197
0.0020405605901032686
0.0020345125813037157
0.0020495790522545576
0.002038089092820883
0.0020039433147758245
0.002014497760683298
0.0020185038447380066
0.0020302466582506895
0.002008201787248254
0.0020398874767124653
0.002014422556385398
0.0020229932852089405
0.002032957272604108
0.0020397312473505735
0.0020299297757446766
0.002016250044107437
0.002052843337878585
0.002054307609796524
0.0019728036131709814
0.002031229669228196
0.0020228582434356213
0.0020417997147887945
0.002037971979007125
0.0020044920966029167
0.002016679150983691
0.002005908638238907
0.0020244133193045855
0.0019945672247558832
0.002021852880716324
0.002013338729739189
0.0020284114871174097
0.002011670731008053
0.002050071954727173
0.002047618618234992
0.0020239087752997875
0.0020246999338269234
0.0020187452901154757
0.002008008072152734
0.0020045600831508636
0.001965930685400963
0.0019772183150053024
0.002030816860496998
0.0020081528928130865
0.0020171385258436203
0.0020144199952483177
0.002020652173087001
0.002022036351263523
0.0020245315972715616
0.002009469782933593
0.002001614775508642
0.0019945362582802773
0.0020261758472770452
0.0019764560274779797
0.002013470744714141
0.0019969192799180746
0.002020992338657379
