0.9994337558746338
0.9960046410560608
0.9884722232818604
0.9748883843421936
0.9123800992965698
0.7256404161453247
0.5538759827613831
0.46560612320899963
0.46722930669784546
0.43018776178359985
0.43935081362724304
0.4558538496494293
0.41536766290664673
0.4125206768512726
0.4122808277606964
0.3872866928577423
0.3979508578777313
0.38642850518226624
0.3842986524105072
0.36803993582725525
0.403720885515213
0.3921262323856354
0.3626481294631958
0.35431966185569763
0.3590102195739746
0.3717758357524872
0.3597012162208557
0.3540884852409363
0.35569044947624207
0.35549694299697876
0.36465418338775635
0.35087108612060547
0.39413535594940186
0.36399608850479126
0.35502293705940247
0.34504234790802
0.340253621339798
0.3338090181350708
0.33993831276893616
0.3307775855064392
0.3555515706539154
0.3530255854129791
0.34195342659950256
0.34371712803840637
0.3379690945148468
0.341126412153244
0.34420058131217957
0.3407060503959656
0.3386113941669464
0.32773834466934204
0.33022165298461914
0.3327052891254425
0.3451615869998932
0.3251841366291046
0.3352805972099304
0.3195125162601471
0.32626116275787354
0.3242824077606201
0.31169670820236206
0.3222946524620056
0.3175585865974426
0.3262273669242859
0.3179967999458313
0.3209642469882965
0.3201442062854767
0.3359587490558624
0.32946574687957764
0.3141131103038788
0.32289546728134155
0.33001071214675903
0.3247115910053253
0.31121206283569336
0.3174397945404053
0.3116919696331024
0.3092806339263916
0.31591275334358215
0.3102106750011444
0.3023125231266022
0.32800179719924927
0.3096315264701843
0.30871549248695374
0.3092319667339325
0.31361642479896545
0.3169403374195099
0.3033391833305359
0.31265735626220703
0.30160045623779297
0.3063011169433594
0.3095584213733673
0.31045228242874146
0.30017974972724915
0.3103901147842407
0.3111531138420105
0.3039654791355133
0.30442529916763306
0.3161924481391907
0.32896360754966736
0.30569109320640564
0.31303882598876953
0.2989438772201538
0.31815221905708313
0.3022269606590271
0.3122233748435974
0.3008582890033722
0.2998674809932709
0.29822394251823425
0.31010958552360535
0.301054984331131
0.3003813922405243
0.29848283529281616
0.3069944381713867
0.3022756278514862
0.2959480285644531
0.29358139634132385
0.2908884584903717
0.30609893798828125
0.29526829719543457
0.29494863748550415
0.2842627763748169
0.29382267594337463
0.29612138867378235
0.29220137000083923
0.2987852990627289
0.296952486038208
0.28611287474632263
0.29108983278274536
0.31948667764663696
0.2958230674266815
0.3048989772796631
0.3119497001171112
0.2898011803627014
0.29529014229774475
0.2989581227302551
0.2858659625053406
0.2909117341041565
0.29052793979644775
0.28825142979621887
0.2855794131755829
0.27951452136039734
0.2848600745201111
0.2930639982223511
0.29682081937789917
0.28271186351776123
0.29448768496513367
0.2912323772907257
0.28264692425727844
0.2841652035713196
0.2891899049282074
0.27823886275291443
0.2907223701477051
0.2870071232318878
0.28513622283935547
0.281139612197876
0.276836633682251
0.2791016101837158
0.28554561734199524
0.2920469045639038
0.2897980809211731
0.2797059714794159
0.28963136672973633
0.27876314520835876
0.28535279631614685
0.28871482610702515
0.28051966428756714
0.28754422068595886
0.2833634912967682
0.2777515947818756
0.275529146194458
0.2768452763557434
0.27248281240463257
0.2780097424983978
0.28503894805908203
0.2802566587924957
0.284194678068161
0.2726518511772156
0.274399071931839
0.27503862977027893
0.2748541831970215
0.28278443217277527
0.27530187368392944
0.27818331122398376
0.277239054441452
0.27068066596984863
0.2775958180427551
0.280120849609375
0.28515535593032837
0.27861592173576355
0.2712535858154297
0.27618208527565
0.27681469917297363
0.2733694911003113
0.27800196409225464
0.26596516370773315
0.26934322714805603
0.28030306100845337
0.27324843406677246
0.27337953448295593
0.2700672447681427
0.27204903960227966
0.2820298671722412
0.27908438444137573
0.2659497857093811
0.27186667919158936
0.2688019573688507
0.2727915942668915
0.26458173990249634
0.2701815962791443
0.27294647693634033
0.27275314927101135
0.26166200637817383
0.27816489338874817
0.2685786187648773
0.26406416296958923
0.27461013197898865
0.27056974172592163
0.2705281376838684
0.27522537112236023
0.286672443151474
0.2822427749633789
0.26703402400016785
0.27208948135375977
0.27534762024879456
0.2775070369243622
0.2680320143699646
0.2672813832759857
0.2607817053794861
0.2690750062465668
0.26980751752853394
0.2649167478084564
0.266677588224411
0.2614094316959381
0.2673487663269043
0.2695194184780121
0.268594890832901
0.257723331451416
0.2655712068080902
0.2611542344093323
0.25920429825782776
0.2579216957092285
0.2624135911464691
0.26432305574417114
0.2636118531227112
0.2657610774040222
0.261462539434433
0.2602691948413849
0.2631937265396118
0.2667849659919739
0.2554081976413727
0.25770923495292664
0.2606522738933563
0.2574182450771332
0.2629184126853943
0.2583356499671936
0.25742343068122864
0.2607381343841553
0.25958147644996643
0.262656033039093
0.25757449865341187
0.2626185715198517
0.25565043091773987
0.2603134214878082
0.26021555066108704
0.2584003210067749
0.2582950294017792
0.2583131492137909
0.26005297899246216
0.25884178280830383
0.2565053701400757
0.2545448839664459
0.2507726848125458
0.24797239899635315
0.25668683648109436
0.2574808895587921
0.2524872124195099
0.2533397376537323
0.2558547556400299
0.2577052116394043
0.2616482973098755
0.25509369373321533
0.25584208965301514
0.2480425089597702
0.25635120272636414
0.2525850534439087
0.25143641233444214
0.250357985496521
0.25542566180229187
0.25558677315711975
0.25925135612487793
0.2518978416919708
0.2504574954509735
0.25144216418266296
0.24598637223243713
0.24370084702968597
0.24958443641662598
0.2518659830093384
0.24482543766498566
0.2489345222711563
0.24997089803218842
0.2570230960845947
0.2581373155117035
0.243088498711586
0.24977096915245056
0.2514851987361908
0.24877847731113434
0.25679221749305725
0.24920114874839783
0.24914896488189697
0.24465256929397583
0.24448305368423462
0.24306784570217133
0.24346347153186798
0.24524888396263123
0.24909386038780212
0.24361154437065125
0.2502824068069458
0.24431073665618896
0.2446846067905426
0.24820803105831146
0.2540000379085541
0.25688838958740234
0.24829715490341187
0.24468272924423218
0.24228931963443756
0.2492445707321167
0.25073516368865967
0.2435864806175232
0.24645569920539856
0.24354247748851776
0.2433585822582245
0.2402733713388443
0.24319852888584137
0.2351023256778717
0.23832643032073975
0.2394293248653412
0.24002690613269806
0.24299989640712738
0.24191351234912872
0.23729847371578217
0.24104394018650055
0.2435535043478012
0.23758801817893982
0.2455071359872818
0.2363782525062561
0.2379121035337448
0.23816512525081635
0.2408943474292755
0.2395392507314682
0.23686514794826508
0.23918740451335907
0.2431594878435135
0.2363213747739792
0.23843945562839508
0.23524220287799835
0.23839649558067322
0.2376486212015152
0.2384614795446396
0.2411547750234604
0.23766778409481049
0.23980677127838135
0.23870913684368134
0.23542992770671844
0.23298020660877228
0.23650167882442474
0.22999459505081177
0.2354203164577484
0.2403801828622818
0.23498398065567017
0.23411837220191956
0.2372853308916092
0.23539797961711884
0.2335062026977539
0.23625129461288452
0.23222987353801727
0.2315400093793869
0.22891157865524292
0.23316806554794312
0.24045848846435547
0.23493385314941406
0.23827289044857025
0.23130737245082855
0.23446065187454224
0.232332244515419
0.2352008819580078
0.23335805535316467
0.23384085297584534
0.23068693280220032
0.23190535604953766
0.23598287999629974
0.22790543735027313
0.2360047549009323
0.22893525660037994
0.22991275787353516
0.2324151247739792
0.23031297326087952
0.2278767079114914
0.2332592010498047
0.23248615860939026
0.2326505482196808
0.23197688162326813
0.22856779396533966
0.2308955192565918
0.2283027023077011
0.2310962975025177
0.22965003550052643
0.2286139279603958
0.2292703539133072
0.23034951090812683
0.227805033326149
0.2340577095746994
0.22846366465091705
0.22805939614772797
0.23325331509113312
0.22495132684707642
0.22872492671012878
0.22873252630233765
0.23178631067276
0.22985418140888214
0.22921505570411682
0.2335778921842575
0.22652314603328705
0.22672268748283386
0.22499006986618042
0.22340159118175507
0.229508638381958
0.2270822376012802
0.22375386953353882
0.22947481274604797
0.2259507179260254
0.2289533019065857
0.2289894074201584
0.22408755123615265
0.22854894399642944
0.22311890125274658
0.22654053568840027
0.2266404926776886
0.23254159092903137
0.22548016905784607
0.22691774368286133
0.23227982223033905
0.22801806032657623
0.2269500494003296
0.22733865678310394
0.22416208684444427
0.22584472596645355
0.222701758146286
0.2226034700870514
0.22166867554187775
0.22563257813453674
0.2233620434999466
0.23218613862991333
0.22130924463272095
0.22296017408370972
0.22674164175987244
0.22479720413684845
0.22373436391353607
0.22461138665676117
0.22370964288711548
0.2227783203125
0.2234524041414261
0.22195182740688324
0.22231099009513855
0.22249948978424072
0.22628049552440643
0.23027947545051575
0.222561776638031
0.2211843878030777
0.22585700452327728
0.22637839615345
0.2252626270055771
0.2223643958568573
0.2211134433746338
0.22588981688022614
0.22196610271930695
0.2228756994009018
0.22382375597953796
0.22544264793395996
0.22364307940006256
0.22671397030353546
0.22177910804748535
0.22244293987751007
0.22684317827224731
0.22267739474773407
0.2241736203432083
0.22030223906040192
0.22344020009040833
0.22060143947601318
0.22389832139015198
0.22206474840641022
0.22529305517673492
0.22691047191619873
0.22601787745952606
0.22302934527397156
0.21821428835391998
0.2237735539674759
0.2224244475364685
0.22214637696743011
0.2285052090883255
0.22025978565216064
0.23019595444202423
0.22587287425994873
