5.9960761070251465
5.99500036239624
5.993509769439697
5.993457794189453
5.992313861846924
5.9915385246276855
5.990365505218506
5.989879608154297
5.988071918487549
5.9868974685668945
5.983425140380859
5.980903625488281
5.974743366241455
5.964594841003418
5.949553489685059
5.897488594055176
5.75114107131958
5.513734340667725
5.208834171295166
5.387933254241943
5.2822465896606445
5.164836883544922
5.129649639129639
4.99617862701416
4.874603748321533
4.893409252166748
4.806781768798828
4.737297058105469
4.6886115074157715
4.701526165008545
4.713437080383301
4.6786370277404785
4.640064239501953
4.589607238769531
4.560088634490967
4.683689594268799
4.654533386230469
4.597567081451416
4.590899467468262
4.575443267822266
4.787642955780029
4.636736869812012
4.589681148529053
4.527021884918213
4.5050153732299805
4.442807197570801
4.42206335067749
4.437129497528076
4.391483783721924
4.508505344390869
4.402527332305908
4.459162712097168
4.391928672790527
4.438745975494385
4.317238807678223
4.302933692932129
4.388422966003418
4.330976486206055
4.337124347686768
4.386248588562012
4.34567928314209
4.247204303741455
4.0542826652526855
4.000565528869629
4.0201945304870605
3.983668088912964
3.9749674797058105
3.9093823432922363
3.917642116546631
3.9794375896453857
3.8392415046691895
3.91882061958313
3.872872829437256
3.8471298217773438
3.987098455429077
3.8938708305358887
3.782968282699585
3.9007627964019775
3.825608491897583
3.9132132530212402
3.8589723110198975
3.859090566635132
3.7950520515441895
3.764425277709961
3.8448755741119385
3.8717195987701416
3.8546369075775146
3.862767457962036
3.838869571685791
3.7655575275421143
3.7628026008605957
3.8867456912994385
3.760671377182007
3.8822522163391113
3.8011772632598877
3.7659366130828857
3.7114641666412354
3.7348179817199707
3.773345470428467
3.721726655960083
3.735332489013672
3.7314417362213135
3.7364678382873535
3.682223081588745
3.694573163986206
3.7351138591766357
3.7208786010742188
3.763657808303833
3.754747152328491
3.760499954223633
3.7105653285980225
3.6755168437957764
3.80431866645813
3.6195600032806396
3.7337238788604736
3.7030978202819824
3.6864049434661865
3.7720558643341064
3.590489625930786
3.7852237224578857
3.7147390842437744
3.644432544708252
3.7907350063323975
3.6241543292999268
3.705089569091797
3.7419486045837402
3.6351981163024902
3.7681925296783447
3.690897226333618
3.654193639755249
3.763650894165039
3.6149022579193115
3.6874921321868896
3.776799440383911
3.6354615688323975
3.7280430793762207
3.6571731567382812
3.7357804775238037
3.6668169498443604
3.7382395267486572
3.7458977699279785
3.6895251274108887
3.6856186389923096
3.597496509552002
3.6841392517089844
3.6813206672668457
3.7032630443573
3.6431639194488525
3.6526644229888916
3.6667168140411377
3.5512166023254395
3.688807725906372
3.6468615531921387
3.6213080883026123
3.6879146099090576
3.631965160369873
3.5772852897644043
3.644019365310669
3.584270477294922
3.641234874725342
3.5600790977478027
3.6427173614501953
3.6990010738372803
3.6099636554718018
3.676133871078491
3.6476893424987793
3.590136766433716
3.6292154788970947
3.5601084232330322
3.6011557579040527
3.6219351291656494
3.575894594192505
3.7395308017730713
3.648549795150757
3.6333484649658203
3.548948287963867
3.6396236419677734
3.526657819747925
3.666067123413086
3.615478277206421
3.6061127185821533
3.5770907402038574
3.545908212661743
3.593527317047119
3.5781047344207764
3.6787643432617188
3.6652352809906006
3.6800923347473145
3.664278745651245
3.6599068641662598
3.6444249153137207
3.6293742656707764
3.648247003555298
3.651850461959839
3.5977625846862793
3.6304144859313965
3.637960910797119
3.605494976043701
3.544351577758789
3.670633316040039
3.660672664642334
3.5557093620300293
3.552988052368164
3.624441623687744
3.6563031673431396
3.563150405883789
3.6905739307403564
3.667194128036499
3.7757887840270996
3.601760149002075
3.5929107666015625
3.6328041553497314
3.6149513721466064
3.5636909008026123
3.582249879837036
3.583191394805908
3.5488009452819824
3.6829593181610107
3.5256881713867188
3.5995821952819824
3.588782548904419
3.5853540897369385
3.5707108974456787
3.551914691925049
3.6402833461761475
3.586110830307007
3.6118361949920654
3.597797155380249
3.6200461387634277
3.613431692123413
3.676004648208618
3.7458412647247314
3.606081485748291
3.5606656074523926
3.5472240447998047
3.5866103172302246
3.557410717010498
3.5721664428710938
3.5785601139068604
3.665947675704956
3.5386738777160645
3.5602195262908936
3.5701959133148193
3.526111125946045
3.6793951988220215
3.7270772457122803
3.663142442703247
3.5464813709259033
3.5082364082336426
3.595458507537842
3.5509493350982666
3.5470874309539795
3.5864574909210205
3.5889363288879395
3.5813210010528564
3.509582757949829
3.5123274326324463
3.554342746734619
3.558399200439453
3.5926895141601562
3.559560775756836
3.653703451156616
3.5119571685791016
3.5275661945343018
3.5119681358337402
3.6270675659179688
3.5988121032714844
3.5888772010803223
3.523435354232788
3.5861618518829346
3.5127689838409424
3.495471715927124
3.5016486644744873
3.5297324657440186
3.4833366870880127
3.5160698890686035
3.546022415161133
3.522566556930542
3.4958832263946533
3.502087354660034
3.5438857078552246
3.544265031814575
3.5307953357696533
3.5101053714752197
3.4976704120635986
3.5207462310791016
3.469980239868164
3.509035587310791
3.501887559890747
3.5695221424102783
3.653179883956909
3.556788682937622
3.5103490352630615
3.6012189388275146
3.593522787094116
3.5395870208740234
3.5653016567230225
3.531179904937744
3.5962975025177
3.6386759281158447
3.5467135906219482
3.4918198585510254
3.577022075653076
3.531022787094116
3.546379566192627
3.586411952972412
3.5897772312164307
3.533403158187866
3.527186870574951
3.5109081268310547
3.517486333847046
3.5478012561798096
3.523637533187866
3.5021915435791016
3.5316567420959473
3.5118889808654785
3.493546724319458
3.523466110229492
3.4884555339813232
3.4745748043060303
3.532740354537964
3.4905717372894287
3.46386981010437
3.4913103580474854
3.4808597564697266
3.531648874282837
3.504298448562622
3.4912374019622803
3.5763278007507324
3.5935940742492676
3.5082318782806396
3.5389037132263184
3.600712299346924
3.501142978668213
3.5445902347564697
3.4845688343048096
3.4995932579040527
3.57930588722229
3.5336029529571533
3.5845348834991455
3.530139446258545
3.560598850250244
3.4896275997161865
3.4402883052825928
3.48126482963562
3.45556902885437
3.4791064262390137
3.4723849296569824
3.545192241668701
3.48789644241333
3.4925484657287598
3.477954387664795
3.524970769882202
3.5234856605529785
3.430973529815674
3.540421724319458
3.5140345096588135
3.491901159286499
3.4903671741485596
3.4199962615966797
3.5066592693328857
3.5394046306610107
3.5315499305725098
3.468522310256958
3.4275622367858887
3.5089471340179443
3.7333016395568848
3.639817714691162
3.566535234451294
3.4996438026428223
3.483590841293335
3.4283673763275146
3.4840285778045654
3.4747681617736816
3.4487226009368896
3.4277701377868652
3.524930477142334
3.5541107654571533
3.5098185539245605
3.492997407913208
3.426743268966675
3.520749807357788
3.4509847164154053
3.4370155334472656
3.4873690605163574
3.5620133876800537
3.5268428325653076
3.497864246368408
3.4201602935791016
3.427898645401001
3.4544360637664795
3.4440152645111084
3.483978509902954
3.5188772678375244
3.462695598602295
3.536529064178467
3.476911783218384
3.517728567123413
3.525895595550537
3.488847494125366
3.4321951866149902
3.460052490234375
3.509486436843872
3.4412248134613037
3.4789676666259766
3.495079755783081
3.469539165496826
3.4079935550689697
3.448680877685547
3.4905662536621094
3.4389443397521973
3.4972758293151855
3.3872523307800293
3.478555917739868
3.4626882076263428
3.43682599067688
3.4627468585968018
3.5333125591278076
3.560765027999878
3.4576644897460938
3.476447582244873
3.412301778793335
3.46539306640625
3.4410884380340576
3.4496548175811768
3.4427802562713623
3.468848943710327
3.4398703575134277
3.4658491611480713
3.484238386154175
3.4358651638031006
3.457340955734253
3.557310104370117
3.4462757110595703
3.5071194171905518
3.5493454933166504
3.4747676849365234
3.4136505126953125
3.3749122619628906
3.441450834274292
3.434690475463867
3.4998247623443604
3.50934100151062
3.4556729793548584
3.4413342475891113
3.423264741897583
3.4235877990722656
3.434711456298828
3.4342386722564697
3.4398841857910156
3.4525511264801025
3.523972272872925
3.4267306327819824
3.4694576263427734
3.461242198944092
3.3945696353912354
3.4743714332580566
3.4490044116973877
3.4324429035186768
3.496288299560547
3.4412357807159424
3.458266496658325
3.450230121612549
3.483288526535034
3.5346007347106934
3.4659554958343506
3.474384307861328
3.378063678741455
3.4680638313293457
3.4651241302490234
3.511229991912842
3.4464147090911865
3.481658697128296
3.4640746116638184
3.4369618892669678
3.4321587085723877
3.4383087158203125
3.3936429023742676
3.405452251434326
3.434752941131592
3.3893849849700928
3.389310598373413
3.4390711784362793
3.4211580753326416
3.4138846397399902
3.5059218406677246
3.4518120288848877
3.362252950668335
3.425767660140991
3.392364263534546
3.4579169750213623
3.396690607070923
3.4452438354492188
3.4450440406799316
3.404258966445923
3.433952569961548
3.423429012298584
3.4757044315338135
3.377558469772339
3.3936805725097656
3.497309446334839
3.4737298488616943
3.467787265777588
3.4432532787323
3.458997964859009
3.438471555709839
3.4101040363311768
3.4022774696350098
3.3580918312072754
3.43341064453125
3.420522689819336
3.3927578926086426
3.3811028003692627
3.429259777069092
3.346750020980835
3.4102284908294678
3.5242865085601807
3.4807584285736084
3.4809043407440186
3.360783338546753
3.452280282974243
3.455162286758423
3.3880715370178223
3.39500093460083
3.3927009105682373
3.392317533493042
3.4186136722564697
3.4213802814483643
3.462139844894409
3.489471435546875
3.3733997344970703
3.395223379135132
3.462703227996826
3.4361965656280518
3.4516167640686035
3.4325976371765137
3.3881475925445557
3.397392988204956
3.3785934448242188
3.423910617828369
3.436450242996216
3.405451536178589
3.3758091926574707
3.4306514263153076
3.4710707664489746
3.4001224040985107
3.3972456455230713
3.3945834636688232
3.4916272163391113
3.4253385066986084
3.380096912384033
3.3963868618011475
3.4392669200897217
3.4745121002197266
3.3941571712493896
3.5098204612731934
3.4519217014312744
3.445260763168335
3.4111180305480957
3.411811351776123
3.5071053504943848
3.4453861713409424
3.460257053375244
3.396768093109131
3.379664897918701
3.421194553375244
3.4173965454101562
3.3215525150299072
3.4614369869232178
3.4359824657440186
3.3944575786590576
3.4120614528656006
3.4276623725891113
3.386140823364258
3.3868234157562256
3.404442548751831
3.4160687923431396
3.3501136302948
3.4034461975097656
3.4416043758392334
3.4770827293395996
3.415792465209961
3.495288372039795
3.4021809101104736
3.468639850616455
3.419999837875366
3.469853162765503
3.49068284034729
3.4172720909118652
3.446253538131714
3.384120464324951
3.451261281967163
3.421316385269165
3.466611623764038
3.5008747577667236
3.365710973739624
3.3827383518218994
3.4448673725128174
3.457280397415161
3.3446218967437744
3.380925416946411
3.3968417644500732
3.3685250282287598
3.459280490875244
3.462836742401123
3.456664562225342
3.4159293174743652
3.4224045276641846
3.4584178924560547
3.428062677383423
3.428626537322998
3.399735689163208
3.424201488494873
3.3605287075042725
3.3700082302093506
3.391382932662964
3.361908435821533
3.3858466148376465
3.4147262573242188
3.345921754837036
3.420168399810791
3.3351101875305176
3.3607025146484375
3.406146764755249
3.4807331562042236
3.345062255859375
3.4384560585021973
3.4115612506866455
3.373931884765625
3.3831822872161865
3.3836400508880615
3.380056381225586
3.3900740146636963
3.416620969772339
3.3641364574432373
3.3575387001037598
3.443459987640381
3.4570224285125732
3.4318830966949463
3.3769431114196777
3.455308675765991
3.3648693561553955
3.433415174484253
3.369150400161743
3.4017956256866455
3.3720548152923584
3.384082317352295
3.4351272583007812
3.407212734222412
3.3925747871398926
3.3812849521636963
3.3991291522979736
3.4536232948303223
3.4064114093780518
3.3876357078552246
3.4267303943634033
3.4125752449035645
3.3885905742645264
3.4160919189453125
3.3739724159240723
3.340886354446411
3.4752824306488037
3.416391134262085
3.3958418369293213
3.3516247272491455
3.4132256507873535
3.3569562435150146
3.4090304374694824
3.361856460571289
3.4102234840393066
3.4107439517974854
3.4539358615875244
3.370577573776245
3.387727737426758
3.3153464794158936
3.372356414794922
3.4201130867004395
3.419454336166382
3.4058377742767334
3.403193235397339
3.374671459197998
3.322097063064575
3.444289445877075
3.3780267238616943
3.3670382499694824
3.3590376377105713
3.3983638286590576
3.379708766937256
3.3666458129882812
3.3550117015838623
3.397179126739502
3.3847453594207764
3.343759059906006
3.4121339321136475
3.348480701446533
3.368387460708618
3.3363871574401855
3.3712029457092285
3.4327454566955566
3.45439076423645
3.389186143875122
3.345146656036377
3.351135015487671
3.4189112186431885
3.430307388305664
3.3936800956726074
3.3800768852233887
3.353821277618408
3.3571479320526123
3.3937296867370605
3.3898754119873047
3.343998432159424
3.4451229572296143
3.384706735610962
3.428745985031128
3.4135730266571045
3.3315577507019043
3.398164987564087
3.370574474334717
3.372063159942627
3.3994228839874268
3.360034465789795
3.387664794921875
3.3456573486328125
3.3876395225524902
3.3851735591888428
3.461313247680664
3.3790652751922607
3.386443614959717
3.371608018875122
3.4032845497131348
3.3645741939544678
3.4347293376922607
3.3469536304473877
3.3802359104156494
3.3958816528320312
3.3768746852874756
3.356318950653076
3.4249637126922607
3.3599510192871094
3.3829057216644287
3.4507763385772705
3.325603723526001
3.366968870162964
3.3096022605895996
3.346392869949341
3.348362684249878
3.3680949211120605
3.4004266262054443
3.4010021686553955
3.4037458896636963
3.3890435695648193
3.4447274208068848
3.4754512310028076
3.395796298980713
3.3828976154327393
3.4161884784698486
3.3845574855804443
3.3444881439208984
3.4082467555999756
3.442965030670166
3.394697904586792
3.314338207244873
3.3285186290740967
3.3509750366210938
3.4148638248443604
3.4027371406555176
3.3890023231506348
3.3843681812286377
3.3872363567352295
3.3731608390808105
3.362813711166382
3.383882761001587
3.39180326461792
3.3203608989715576
3.327394485473633
3.4011032581329346
3.349376678466797
3.3640873432159424
3.3782193660736084
3.385432004928589
3.411517858505249
3.3562538623809814
3.352695941925049
3.428400754928589
3.4493179321289062
3.387653350830078
3.347282648086548
3.3750672340393066
3.405007839202881
3.4420762062072754
3.4240481853485107
3.3658621311187744
3.351292371749878
3.299201726913452
3.347940683364868
3.377424478530884
3.4058258533477783
3.3657310009002686
3.4178640842437744
3.430513620376587
3.4202558994293213
3.3905131816864014
3.39766263961792
3.3414268493652344
3.3627893924713135
3.416181802749634
3.349867343902588
3.3631558418273926
3.344022750854492
3.4226481914520264
3.3554084300994873
3.383291482925415
3.3817152976989746
3.374485731124878
3.392352819442749
3.394098997116089
3.3538601398468018
3.3977620601654053
3.3552346229553223
3.3350608348846436
3.3133652210235596
3.3839802742004395
3.3840863704681396
3.3958914279937744
3.369483709335327
3.3192527294158936
3.3649139404296875
3.373276472091675
3.4301397800445557
3.2872753143310547
3.35581374168396
3.3117949962615967
3.363342523574829
3.353520631790161
3.390198230743408
3.365140199661255
3.370230197906494
3.405510663986206
3.3574109077453613
3.390411615371704
3.378368377685547
3.364093542098999
3.4133572578430176
3.467139482498169
3.3920860290527344
3.4400217533111572
3.347975969314575
3.4230904579162598
3.3776400089263916
3.2975099086761475
3.4223790168762207
3.403033971786499
3.3767001628875732
3.425952434539795
3.412836790084839
3.321873903274536
3.362084150314331
3.3382606506347656
3.3369765281677246
3.3605692386627197
3.3929340839385986
3.3097662925720215
3.366194009780884
3.3831799030303955
3.3490633964538574
3.3491365909576416
3.349801540374756
3.414750337600708
3.369079351425171
3.3713858127593994
3.365525960922241
3.428401231765747
3.3540806770324707
3.4031050205230713
3.329068422317505
3.36295747756958
3.381526231765747
3.460792303085327
3.487565517425537
3.352203607559204
3.357550859451294
3.3828494548797607
3.37733793258667
3.352076292037964
3.4074385166168213
3.33705472946167
3.39721941947937
3.3620288372039795
3.3291664123535156
3.2917628288269043
3.3466122150421143
3.404792547225952
3.321469783782959
3.3883280754089355
3.4102625846862793
3.355849027633667
3.340421676635742
3.4956612586975098
3.35219407081604
3.3545725345611572
3.3523433208465576
3.3394176959991455
3.4153599739074707
3.3822402954101562
3.3722386360168457
3.397336483001709
3.3245179653167725
3.421440839767456
3.3858935832977295
3.359928846359253
3.314523696899414
3.3742339611053467
3.3390488624572754
3.3537795543670654
3.3793587684631348
3.414428472518921
3.3873698711395264
3.3615472316741943
3.321115732192993
3.3315811157226562
3.405543088912964
3.3819682598114014
3.324270009994507
3.3385589122772217
3.3983654975891113
3.368487596511841
3.4042677879333496
3.3535802364349365
3.4066543579101562
3.3598568439483643
3.342485189437866
3.433370590209961
3.343827486038208
3.3587417602539062
3.3433451652526855
3.3838486671447754
3.363884687423706
3.3802661895751953
3.3623926639556885
3.296828031539917
3.3458731174468994
3.3553621768951416
3.3841545581817627
3.411891222000122
3.344465970993042
3.387254238128662
3.33899188041687
3.3806426525115967
3.4020416736602783
3.3647122383117676
3.3814690113067627
3.4261224269866943
3.3109323978424072
3.3081915378570557
3.36909818649292
3.4078211784362793
3.3754019737243652
3.397895574569702
3.2939352989196777
3.3492960929870605
3.3687338829040527
3.391376495361328
3.3496875762939453
3.3525612354278564
3.3865106105804443
3.3641695976257324
3.306002378463745
3.3864479064941406
3.401489734649658
3.3846113681793213
3.3640949726104736
3.346750259399414
3.301757335662842
3.3376288414001465
3.376960039138794
3.3169682025909424
3.3478126525878906
3.352182388305664
3.3515655994415283
3.3584702014923096
3.345130205154419
3.369933605194092
3.3987209796905518
3.428823471069336
3.3727946281433105
3.3489387035369873
3.3791663646698
3.3354671001434326
3.397247552871704
3.386007308959961
3.365896224975586
3.383359432220459
3.340866804122925
3.430385112762451
3.3511812686920166
3.3609530925750732
3.4475042819976807
3.4406051635742188
3.4245564937591553
